30010	40422
30010	69
30010	1770
30010	709
30010	14956
30010	58
30010	3614
30010	1446
30010	1116
30010	2565
30010	349
30010	17038
30010	2145
30010	1043
30010	3813
30010	2617
30010	404
30010	1382
30010	2761
30010	4267
30010	2423
30010	1618
30010	1411
30010	28
30010	78
30010	1316
30010	1078
30010	2386
30010	1286
30010	2424
30010	1049
30010	809
30010	3985
40422	30010
30060	40033
40033	30060
40033	30074
40033	30065
40033	30005
40033	30012
40033	30083
40033	30088
40033	30072
40033	30029
40033	30077
40033	30062
40033	30055
40033	30024
40033	30100
40033	30095
40033	30028
30073	40373
30073	7
30073	5407
30073	20971
30073	10701
30073	16527
30073	8993
30073	2361
30073	5510
30073	13138
30073	482
30073	29
30073	14605
40373	30073
40373	30033
40373	30023
40373	30017
40373	30006
40373	30021
40373	30091
40373	30107
30097	40068
30097	21446
30097	8441
30097	3554
30097	3088
30097	3538
40068	30097
30074	2035
30074	586
30074	9138
30074	2
30074	2799
30074	17
30074	7795
30074	513
30074	267
30074	1
30074	18916
30074	327
30074	50
30074	28
30074	2954
30074	1616
30074	990
30033	40373
30033	5233
30033	3472
30033	191
30033	11199
30033	7995
30033	280
30033	6979
30033	75
30033	4615
30033	739
30033	5393
30033	1415
30023	40373
30023	14163
30023	21082
30023	1828
30023	10561
30023	92
30023	1682
30023	5095
30023	936
30076	40416
30076	6542
30076	5
30076	19
30076	7526
30076	3193
30076	148
30076	89
30076	2467
30076	33
30076	320
30076	1336
30076	210
30076	2998
30076	1124
30076	1574
30076	2189
30076	1835
30076	1165
30076	2829
30076	1870
30076	1532
30076	14540
30076	1974
30076	282
30076	3484
30076	662
30076	8590
30076	12728
30076	6856
30076	66
30076	5292
30076	124
30076	465
30076	9
30076	2774
30076	6185
30076	1125
30076	82
30076	343
30076	353
30076	2030
30076	499
30076	11627
30076	2708
30076	577
30076	2771
30076	6538
30076	1534
30076	7381
30076	8598
30076	451
40416	30076
30007	40162
30007	105
30007	6353
30007	1226
40162	30007
40162	30067
40162	30093
30017	40373
30017	44
30065	40033
30065	96
30089	40011
30089	9
30089	400
30089	5160
30089	182
30089	7
30089	208
30089	107
30089	2764
30089	4
30089	138
30089	623
30089	32
30089	131
30089	2929
30089	482
30089	2044
30089	324
30089	508
30089	1126
30089	117
30089	250
30089	2093
40011	30089
40011	30049
30106	2943
30049	40011
30049	66
30049	75
30049	53
30049	2510
30049	175
30049	96
30049	77
30049	60
30049	603
30049	1
30049	95
30049	1685
30049	1070
30049	1748
30049	378
30049	208
30103	40032
30103	2238
30103	2016
30103	59
30103	53
30103	63
30103	1415
30103	622
30103	1188
30103	385
30103	19438
30103	75
30103	8723
30103	14583
30103	198
30103	1422
30103	2406
30103	2301
30103	737
30103	6414
30103	941
30103	2
30103	5868
30103	1401
30103	2918
30103	1652
30103	64
30103	3304
30103	226
30103	128
30103	4615
40032	30103
40032	30098
30101	1274
30101	1370
30101	16779
30101	308
30101	2237
30101	703
30101	271
30101	223
30101	474
30101	1118
30101	942
30101	11533
30101	1409
30101	422
30101	1440
30101	283
30101	78
30101	115
30101	2189
30027	40129
30027	1003
40129	30027
30043	40394
30043	278
30043	25
30043	895
30043	387
30043	393
30043	608
40394	30043
40394	30015
30005	40033
30005	1679
30005	617
30005	228
30005	13064
30005	60
30005	6456
30005	14455
30005	360
30005	256
30005	95
30005	1007
30005	766
30005	177
30005	20083
30005	72
30005	2679
30005	6921
30005	66
30005	212
30005	67
30005	6071
30005	8275
30005	666
30005	4496
30005	12377
30005	19
30005	3924
30005	6930
30005	45
30005	12856
30005	20264
30005	552
30005	2029
30005	2381
30005	3323
30005	11693
30005	5049
30005	207
30005	3289
30005	1616
30005	864
30005	21659
30012	40033
30012	9739
30012	8384
30012	4046
30012	3149
30012	20439
30012	388
30012	4839
30012	4483
30012	728
30012	1046
30012	3597
30012	3082
30012	441
30012	9652
30012	2582
30012	115
30012	2437
30012	121
30012	5570
30012	3139
30012	4189
30012	19101
30012	66
30012	1387
30012	952
30012	228
30012	5337
30012	176
30012	1315
30012	10915
30012	5332
30012	18455
30012	44
30012	4
30012	1786
30012	2244
30012	1172
30012	16291
30012	681
30012	13592
30012	955
30012	1794
30012	1167
30012	9698
30012	335
30012	62
30012	292
30012	5173
30012	8
30012	346
30012	16290
30012	1190
30012	2593
30012	1003
30012	14157
30012	268
30012	3088
30012	2537
30012	2112
30012	237
30012	7054
30012	316
30012	7864
30012	11247
30012	1414
30012	4315
30012	4704
30012	34
30012	3375
30012	12499
30012	1328
30012	21715
30012	170
30012	15043
30012	12910
30012	9673
30012	5527
30012	94
30012	1010
30083	40033
30083	2
30083	9
30083	8248
30083	618
30083	635
30083	706
30083	236
30083	592
30082	40359
30082	39
30082	41
30082	61
30082	55
30082	410
30082	10638
30082	40
30082	9499
30082	31
30082	58
30082	48
30082	5
30082	243
40359	30082
30088	40033
30088	10281
30088	18262
30088	12367
30088	2377
30088	8632
30088	66
30088	8189
30088	5851
30088	115
30088	346
30088	2352
30088	627
30088	964
30088	4504
30088	567
30088	1013
30088	11030
30088	30
30088	35
30088	7765
30088	1133
30088	202
30088	1673
30088	531
30088	681
30088	910
30088	193
30088	955
30088	5775
30088	5127
30088	1132
30088	234
30088	3359
30088	1754
30072	6479
30072	4858
30072	9653
30072	8662
30072	11728
30072	13597
30072	9103
30072	17825
30072	16137
30072	7525
30072	7170
30072	20031
30072	10910
30072	7454
30072	7169
30072	5748
30072	6229
30072	8620
30072	10865
30072	9654
30057	40423
30057	8926
30057	399
30057	2035
30057	4380
30057	1209
30057	3635
30057	2069
30057	9
30057	1862
30057	184
30057	2426
30057	385
30057	1210
30057	602
30057	35
30057	8479
30057	555
30057	513
30057	433
40423	30057
30099	340
30099	324
30099	217
30099	535
30099	356
30099	588
30099	32
30099	182
30099	448
30099	1120
30099	4274
30099	2327
30099	344
30099	43
30099	29
30099	198
30099	109
30099	208
30099	98
30099	576
30099	4720
30099	455
30099	527
30099	1572
30099	13
40309	30044
30015	40394
30035	932
30035	171
30035	318
30035	2393
30035	269
40314	30001
40314	30079
30070	40150
30070	53
30070	1218
30070	1485
30070	1044
30070	574
30070	586
30070	4234
30070	407
30070	3860
30070	3710
30070	838
30070	1582
30070	1679
30070	238
30070	2126
30070	4
30070	33
30070	532
30070	2914
30070	763
30070	5046
30070	4841
30070	8263
30070	6
30070	1976
30070	1520
30070	228
30070	2979
30070	14
30070	2779
30070	1780
30070	7963
30070	1927
30070	8184
30070	3703
30070	861
30070	1951
30070	213
30070	2510
30070	4222
40150	30070
40150	30084
30086	40086
30086	1313
30086	2238
40086	30086
30081	6649
30081	1046
30081	4483
30029	40033
30029	1394
30029	8721
30029	5265
30029	1762
30029	15697
30029	37
30029	508
30029	4133
30029	4020
30029	2392
30029	66
30029	346
30011	211
30011	346
30011	58
30011	91
30011	76
30011	229
30011	143
30011	29
30011	1855
30011	813
30011	41
30011	460
30011	34
30011	5318
30011	94
30011	627
30011	16
30011	39
40020	30011
40020	30059
40020	30056
30084	8839
30084	3876
30084	371
30084	597
30084	65
30084	702
30084	238
30084	17222
30084	8799
30084	12998
30084	406
30084	6249
30084	151
30084	3604
30084	6074
30084	4700
30084	33
30084	1581
30084	25
30084	306
30084	833
30084	967
30084	2075
30084	194
30084	3792
30084	885
30084	1443
30084	20745
30084	345
30084	613
30084	437
30084	2744
30084	689
30084	214
30084	108
30084	7728
30084	15
30084	1091
30084	291
30084	20
30084	4460
30084	6211
30084	6319
30084	6528
30084	11159
30084	469
30084	3274
30084	18575
30084	183
30084	2346
30084	3515
30084	2580
30084	2473
30084	203
30084	62
30084	74
30068	40137
30068	9089
30068	748
30068	8137
30068	199
30068	3760
30068	1058
30068	5558
30068	2933
30068	371
30068	11434
30068	1152
30068	51
30068	250
30068	3156
40137	30068
30098	40032
30098	223
30098	21
30006	40373
30006	90
30006	115
30006	16846
30006	153
30006	51
30006	3619
30006	748
30006	144
30077	40033
30077	4
30077	923
30077	210
30077	2
30077	3213
30077	7239
30077	2679
30002	40450
30002	7
30002	1372
30002	112
30002	107
30002	25
30002	24
30002	820
30002	490
30002	2
30002	744
30002	234
30002	461
40450	30002
30030	13
30030	1026
30030	477
30030	17056
30030	5
30030	14106
30030	17055
30014	40325
30014	10193
30014	81
30014	18192
30014	9164
30014	2864
30014	70
30014	5046
30014	1471
30014	106
30014	19058
30014	15399
30014	215
30014	1347
30014	87
30014	4924
30014	9669
40325	30014
30001	40314
30001	3224
30001	11285
30001	6071
30001	523
30001	8
30001	25
30001	1132
30001	977
30001	15
30001	1885
30001	223
30061	40136
40136	30061
30085	40027
30085	77
30085	1446
30085	66
30085	1674
30085	746
30085	212
30085	4832
30085	1316
30085	1618
30085	148
30085	33
30085	55
30085	1561
30085	736
30085	175
30085	1411
30085	1668
30085	58
30085	809
40027	30085
40027	30019
30008	2874
30008	11107
30008	3822
30008	578
30008	18370
30008	4035
30008	1
30036	553
30036	237
30036	6528
30036	7086
30036	268
30036	5348
30036	2
30036	30
30036	81
30036	422
30036	26
30036	2876
30036	1104
30036	225
30036	365
30036	24
30036	33
30036	11041
30036	14064
30036	137
30036	90
30036	7699
30036	1543
30036	171
30036	135
30036	801
30036	51
30036	3612
30036	331
30036	165
30036	600
30036	251
30036	941
30036	307
30036	229
30036	3562
30036	15759
30036	1542
30036	1048
30036	19920
30036	25
30036	559
30036	112
30036	912
30036	3537
30036	1578
30036	531
30036	88
30036	87
30021	40373
30021	12
30021	53
30021	97
30021	494
30021	15618
30021	150
30021	979
30021	15794
30062	40033
30062	863
30062	933
30062	19050
30062	643
30062	19302
30062	257
30062	7289
30062	3907
30062	267
30062	1226
30062	1148
30062	411
30062	3952
30062	302
30062	3540
30062	7452
30067	40162
30067	87
30067	9843
30067	131
30067	5765
30067	1967
30067	2246
30067	948
30067	8222
30067	71
30067	13819
30067	83
30067	8347
30067	21232
30067	111
30067	333
30067	264
30067	1025
30020	4637
30020	457
30020	1103
30020	265
30039	40258
30039	175
30039	13300
30039	223
30039	60
30039	116
30039	647
30039	2705
30039	44
30039	9837
30039	98
30039	8682
30039	108
30039	66
30039	133
30039	146
30039	123
40258	30039
30092	40294
30092	9932
30092	301
30092	6637
40294	30092
30044	40309
30044	1301
30044	1748
30044	1004
30016	40134
30016	4983
30016	766
30016	7
30016	3417
30016	112
30016	11866
30016	207
30016	495
40134	30016
30040	40079
30040	2905
30040	444
30040	16824
30040	16450
30040	7537
30040	679
30040	2099
30040	10078
30040	15251
30040	862
30040	16720
30040	923
30040	4156
30040	372
30040	3038
30040	8052
30040	7219
30040	39
30040	297
30040	7533
30040	2360
30040	18140
30040	19572
30040	921
30040	1311
30040	6
30040	7747
30040	53
30040	13902
30040	5379
30040	987
30040	90
30040	35
30040	6449
30040	2911
30040	271
30040	1679
30040	387
30040	17102
30040	5450
30040	10706
30040	1874
30040	586
40079	30040
30019	40027
30019	5903
30019	3571
30019	119
30019	7337
30019	972
30019	252
30019	7002
30019	249
30019	9107
30019	7693
30019	7006
30019	13605
30019	299
30059	40020
30059	1200
30059	5216
30059	963
30059	203
30059	3980
30059	1313
30059	3210
30059	4352
30059	1106
30059	4462
30059	574
30059	15
30059	9564
30059	3880
30059	248
30059	847
30059	2082
30059	534
30059	4849
30059	4900
30059	1518
30059	36
30059	18869
30059	388
30059	3140
30059	261
30059	622
30059	1056
30059	237
30094	1576
30094	22277
30094	178
30094	22065
30094	4899
30094	2914
30094	586
30094	2686
30094	3562
30094	93
30094	5693
30094	11958
30094	284
30094	6707
30094	3450
30094	11108
30094	395
30094	22209
30094	8860
30094	1661
30094	4944
30094	217
30094	19811
30094	88
30094	8412
30094	164
30094	8700
30094	487
30094	11104
30094	29
30094	1395
30094	8037
30094	2627
30094	3638
30094	394
30094	2142
30038	40013
30038	11
30038	1101
30038	345
30038	804
30038	99
30038	8837
30038	1
30038	108
40013	30038
30055	40033
30055	7608
30055	10313
30056	40020
30056	53
30056	183
30056	1352
30056	4735
30056	8123
30056	1601
30056	13748
30056	2484
30056	980
30056	2235
30056	2096
30056	223
30056	1568
30056	1498
30056	1888
30056	4860
30056	2373
30056	715
30056	649
30056	6547
30056	4300
30056	62
30056	72
30056	838
30056	10859
30056	2
30056	1114
30056	13538
30056	981
30056	3546
30056	1046
30056	3507
30056	3516
30056	77
30056	209
30056	2177
30056	22228
30056	3160
30056	7562
30056	478
30056	1342
30056	5824
30056	175
30056	6046
30056	14
30056	919
30056	1119
30056	1008
30056	735
30091	40373
30091	11247
30091	412
30091	1654
30091	572
30091	499
30091	635
30091	20768
30091	10
30091	357
30091	382
30091	307
30091	17107
30091	137
30091	128
30091	22
30091	78
30091	1030
30091	89
30091	3763
30091	390
30091	223
30091	347
30018	40421
30018	518
30018	105
30018	225
30018	127
30018	169
30018	845
30018	695
30018	1203
30018	2993
40421	30018
30045	40441
30045	4659
30045	2398
30045	646
30045	191
30045	213
30045	4826
30045	1237
30045	14616
30045	365
40441	30045
30107	40373
30107	125
30107	32
30107	67
30107	40
30107	76
30107	6100
30107	866
30107	2821
30107	1018
30107	5295
30107	55
30107	367
30107	68
30107	58
30107	482
30107	466
30107	4456
30107	84
30107	44
30107	704
30107	1656
30107	3322
30107	88
30107	106
30107	7740
30107	31
30107	19
30107	103
30107	1841
30107	3822
30107	87
30107	3
30093	40162
30093	1230
30093	465
30093	7479
30093	3111
30093	1169
30093	2825
30093	326
30093	17360
30093	13095
30093	12521
30093	6663
30093	80
30093	1971
30093	20341
30093	1007
30093	3370
30093	11
30093	21612
30093	1706
30093	2957
30093	277
30093	880
30093	7259
30093	1664
30093	45
30093	47
30093	10916
30093	8878
30093	1306
30093	5201
30093	533
30093	783
30093	3214
30093	95
30093	1814
30093	2502
30093	3385
30093	792
30093	271
30093	14
30093	1712
30093	11205
30093	6123
30093	1368
30093	2741
30093	7385
30093	4602
30093	213
30093	12300
30093	2653
30093	413
30093	3877
30093	1050
30093	2256
30093	4229
30093	2323
30093	1526
30064	40204
30064	3771
30064	367
30064	7706
30064	13842
30064	152
30064	9001
30064	2342
30064	1607
30064	5277
30064	1514
30064	18362
30064	7853
30064	15148
30064	10665
30064	2015
30064	8076
30064	2048
30064	7656
30064	15481
30064	165
30064	11504
30064	5022
30064	17646
30064	6521
30064	7342
30064	2880
30064	1140
30064	9476
30064	1766
30064	870
30064	150
30064	301
30064	2615
30064	8605
30064	8853
30064	6826
30064	13841
30064	51
30064	13889
30064	513
30064	29
30064	2474
30064	9
30064	551
30064	11530
30064	357
30064	2332
30064	71
30064	3174
30064	2513
30064	12
30064	9597
30064	379
30064	11069
30064	348
30064	14514
30064	6253
30064	22087
30064	20282
30064	12639
30064	2316
30064	8243
30064	2146
30064	7497
30064	1596
30064	14292
30064	6006
30064	11491
30064	5374
30064	38
30064	335
30064	888
30064	1865
30064	14413
30064	4015
30064	4378
30064	342
30064	5273
30064	4199
30064	8714
30064	222
30064	7918
30064	14523
30064	544
30064	287
30064	7130
30064	6248
30064	8595
30064	6005
30064	418
30064	127
30064	170
30064	4152
30064	19873
30064	1851
30064	7326
30064	6972
30064	1688
30064	5360
30064	1821
30064	4273
30064	187
30064	10909
30064	463
30064	5182
30064	1639
30064	6821
30064	1232
30064	14460
30064	126
30064	198
30064	13673
30064	21
30064	10275
30064	321
30064	11072
30064	2010
30064	8288
40204	30064
30104	40064
30104	119
30104	30
30104	53
30104	601
40064	30104
30079	40314
30079	134
30079	60
30079	133
30079	8675
30079	423
30079	12306
30079	5283
30079	344
30079	1773
30079	437
30079	324
30079	5556
30079	1764
30079	948
30079	269
30079	1954
30079	8206
30079	46
30079	2150
30079	5420
30079	331
30079	2772
30079	182
30079	316
30079	8520
30079	66
30079	4121
30079	3873
30079	36
30079	4133
30079	670
30079	7200
30047	590
30047	13418
30047	12081
30047	8654
30047	10013
30047	16
30047	483
30047	217
30047	137
30047	3993
30047	670
30047	16283
30047	99
30047	75
30047	182
30047	447
30047	271
30047	712
30047	183
30047	4646
30047	96
30047	214
30047	32
30047	94
30047	52
30047	508
30047	8
30047	715
30047	2148
30047	44
30047	7
30047	3833
30047	1035
30047	9451
30047	2811
30047	34
30047	567
30024	40033
30024	3021
30024	3086
30100	40033
30100	1942
30100	2594
30100	2348
30100	13555
30100	2659
30100	494
30100	285
30100	1204
30100	1
30095	40033
30095	6383
30095	4786
30095	1926
30095	8
30095	8447
30028	40033
30028	316
30028	31
30028	350
30028	33
30028	223
30028	474
30028	2199
30028	83
5233	56022
5233	71424
56022	5233
8632	71278
52300	18262
52300	16577
5693	60311
5693	70723
60311	5693
289	57200
289	70754
57200	289
4826	57326
4826	70431
57326	4826
112	60784
60784	112
60784	7
1026	57760
1026	70754
57760	1026
10711	54665
10711	70944
54665	10711
51352	2403
51352	2325
51352	2198
51352	1702
51352	2290
2403	51352
3304	71049
54656	6643
54656	2398
54656	8005
809	71337
50367	809
50367	1618
50367	1674
50367	1446
50367	1668
50367	1767
36	54066
54066	36
54066	15
54066	3224
54066	977
4292	53003
53003	4292
618	54681
54681	618
54681	592
54681	342
58641	6479
58641	5748
58641	6229
404	70828
50327	238
50327	541
50327	2821
50327	546
50327	2346
50327	1720
50327	177
50327	199
50327	743
50327	67
50327	250
50327	278
50327	481
50327	1043
50327	395
50327	1152
50327	1058
50327	18140
171	53925
171	70191
53925	171
661	57634
661	71456
57634	661
57634	2835
57634	3618
57634	6095
57634	2502
57634	2663
57634	19
57634	454
57634	1423
57634	360
57634	1600
57634	1747
57634	153
57634	444
57634	793
57634	80
57634	7272
57634	407
362	55831
362	70659
55831	362
55831	4632
2010	54083
2010	71035
54083	2010
54083	22087
1382	52405
1382	70947
52405	1382
52405	2517
52405	2761
52405	1286
2594	51962
51962	2594
6655	51457
6655	71736
51457	6655
3635	71158
58199	7755
58199	184
58199	12464
58199	288
58199	1417
58199	1082
58199	373
58199	258
58199	56
58199	2020
58199	9
58199	3840
58199	412
58199	3185
58199	899
58199	372
58199	224
8185	55235
8185	70897
55235	8185
14292	55063
14292	70909
55063	14292
55063	1194
40	53044
40	71475
53044	40
53044	58
53044	39
53044	55
53044	76
57092	7168
57092	10865
57092	16138
57092	9654
57092	10901
57092	7453
57092	8622
57092	4858
57092	7454
57092	8620
57092	7170
57092	17825
57092	11728
57092	7525
57092	7169
1826	58852
58852	1826
11032	53273
53273	11032
8189	59044
59044	8189
695	70944
60281	813
6707	70451
52759	6707
52759	3562
308	53879
308	71792
53879	308
53879	707
2537	70601
59122	347
59122	441
14161	71475
52170	14161
52170	3972
736	55947
55947	736
55947	60
55947	148
55947	593
55947	175
55947	77
55947	66
55947	8206
55947	1070
55947	437
55947	948
55947	5556
55947	378
55947	116
6751	54690
6751	71635
54690	6751
1485	71475
57567	1485
57567	4351
57567	74
11950	60298
11950	71617
60298	11950
3144	51144
3144	70584
51144	3144
1543	59340
1543	71509
59340	1543
8	71035
53916	8
53916	3056
53916	229
53916	16
53916	6456
53916	44
53916	4786
53916	2919
53916	52
3385	50942
3385	71475
50942	3385
50942	814
50942	1230
50942	10556
50942	783
50942	8878
50942	11205
50942	4438
50942	1044
50942	3877
238	71181
4646	52035
52035	4646
92	60334
92	71327
60334	92
889	55746
889	71035
55746	889
921	50845
921	71331
50845	921
19060	56765
19060	70879
56765	19060
56765	4832
56765	678
56765	919
56765	1398
15043	53085
15043	70139
53085	15043
53085	16342
53085	2244
489	51859
51859	489
51859	5154
51859	5
51859	91
51859	71
6414	70896
54040	6414
54040	6979
541	50327
541	70896
327	54319
54319	327
792	57969
792	71604
57969	792
57969	2610
57969	1007
57969	537
57969	191
57969	5827
57969	12914
57969	2860
57969	1388
57969	821
57969	95
57969	2918
57969	906
57969	768
57969	5201
57969	389
57969	1893
57969	4108
57969	621
57969	19106
57969	3417
57969	220
57969	14117
57969	4659
57969	465
57969	880
57969	5794
57969	1237
57969	326
57969	18968
193	50945
50945	193
4273	53005
4273	71743
53005	4273
53005	2041
53005	1865
53005	4152
53005	3125
53005	9001
15794	56036
56036	15794
15773	58069
15773	71129
58069	15773
11247	57854
57854	11247
10865	57092
10865	71362
3060	70877
5851	57140
5851	70911
57140	5851
59289	7259
59289	2256
59289	226
59289	1706
59289	8723
59289	2406
55986	7600
55986	3541
55986	5638
55986	9404
6834	59821
6834	71303
59821	6834
3895	52950
3895	70754
52950	3895
14460	56553
14460	71066
56553	14460
19226	55162
19226	71217
55162	19226
1277	57654
1277	70139
57654	1277
57654	4810
57654	9575
57654	10084
57654	3361
57654	2492
57654	10824
57654	10138
57654	10139
57654	5707
57654	2345
57654	2566
57654	2767
57654	419
57654	1795
57654	9574
57654	2618
57654	8552
10561	60371
10561	71217
60371	10561
287	57299
57299	287
57299	4015
57299	1766
57299	321
7656	56602
7656	71509
56602	7656
704	57321
704	71475
57321	704
11285	54761
54761	11285
1086	54771
1086	70877
54771	1086
1514	51105
1514	71066
51105	1514
757	52531
757	70419
52531	757
3193	51863
51863	3193
51863	8598
51863	6856
51863	6185
51863	5292
51863	7526
1855	56195
56195	1855
56195	10701
56195	1
56195	211
56195	203
56195	323
56195	863
56195	2352
56195	38
56195	864
56195	1886
56195	603
56195	93
56195	214
3507	51441
3507	71743
51441	3507
4035	54453
4035	71104
54453	4035
2781	70599
52086	2781
52086	3139
52086	5134
52086	4046
52086	1622
52086	4277
268	59123
59123	268
1140	56829
1140	71736
56829	1140
679	50319
679	70772
50319	679
50319	37
50319	650
50319	47
50319	28
50319	17
50319	50
422	59553
422	70431
59553	422
20745	59042
20745	70191
59042	20745
9476	57120
9476	71743
57120	9476
513	53225
513	70346
53225	513
20218	59818
59818	20218
3541	55986
3541	70484
495	51672
495	70708
51672	495
7864	54136
7864	71347
54136	7864
54136	9673
54136	16290
295	53449
295	71743
53449	295
2528	51428
2528	71035
51428	2528
51428	271
51428	567
3484	55547
3484	70828
55547	3484
8789	52695
52695	8789
5765	50927
5765	70150
50927	5765
415	56676
415	71761
56676	415
51745	476
51745	2393
51745	3214
51745	533
51745	2833
51745	9138
51745	496
97	71277
57512	484
57512	12
57512	150
37	50319
37	70431
55242	1685
55242	1967
55242	11107
55242	4239
13300	52250
52250	13300
53304	11512
53304	1971
53304	13095
483	52157
52157	483
350	56756
350	71735
56756	350
1652	53777
1652	71066
53777	1652
53777	1713
747	54126
747	70026
54126	747
59046	2288
59046	2903
59046	2200
59046	2842
59046	3437
59046	3526
59046	3089
2610	57969
814	71792
8447	58300
8447	71331
58300	8447
1760	52007
1760	71411
52007	1760
3447	58924
3447	71079
58924	3447
1007	70050
18262	52300
18262	70765
18869	71601
58197	3140
7650	60441
60441	7650
3056	70431
2517	52405
2517	70947
7002	51155
7002	70734
51155	7002
51155	5903
51155	7006
51155	7337
7755	58199
3724	51434
3724	70844
51434	3724
649	52609
649	71743
52609	649
52609	1888
347	70827
3792	50373
3792	70082
50373	3792
50373	6074
50373	3532
50373	8799
50373	6065
50373	6296
60034	1593
60034	1352
3139	52086
3139	70599
9673	54136
9673	71691
1125	71582
56256	1534
56256	662
56256	1124
1616	55817
55817	1616
6450	70139
51795	6450
51795	720
51795	6452
51795	5725
51795	4323
51795	3071
51795	6451
51795	5724
51795	6197
51795	7395
51795	6747
51795	6748
51795	7056
7394	70139
209	52564
209	71035
52564	209
2779	71743
54229	2126
1693	71475
50075	1693
50075	3274
50075	643
222	53775
53775	222
1498	60134
1498	71509
60134	1498
476	51745
21874	59598
21874	71441
59598	21874
2513	56460
56460	2513
56460	1607
56460	1688
56460	2615
56460	111
6074	70082
6383	50397
6383	70748
50397	6383
170	53784
53784	170
11001	55444
11001	70225
55444	11001
73	51435
73	70132
51435	73
2708	55169
2708	71337
55169	2708
55169	1370
18839	58717
58717	18839
20768	51998
20768	71260
51998	20768
2974	56728
2974	70944
56728	2974
5650	71333
52076	9162
52076	11016
52076	367
52076	5996
52076	9817
52076	11015
52076	10234
52076	4573
52076	842
52076	9712
52076	10307
52076	5038
52076	11178
52076	1875
52076	10840
52076	15309
8590	54376
54376	8590
55088	600
55088	5425
2099	54997
2099	70640
54997	2099
51240	13064
19101	59480
19101	71254
59480	19101
2821	50327
2821	70346
2616	50051
2616	70989
50051	2616
1217	71475
55337	371
8123	70947
52468	8123
52468	5452
3197	55049
3197	70366
55049	3197
55049	1374
55049	14684
572	56516
56516	572
1030	51557
1030	70828
51557	1030
51557	1290
51557	706
51557	1207
51557	936
51557	236
60	55947
872	58862
872	71095
58862	872
1770	56874
1770	71037
56874	1770
484	57512
484	70431
15094	56438
15094	70404
56438	15094
6314	52288
6314	70781
52288	6314
52280	800
52280	602
52280	159
2835	57634
2835	70963
6643	54656
52854	4
52854	4496
121	53436
53436	121
176	55391
176	70911
55391	176
10701	56195
19920	54794
19920	70985
54794	19920
460	51459
460	71104
51459	460
2123	54174
2123	70552
54174	2123
14157	60107
14157	70911
60107	14157
50143	8445
5283	56240
5283	70697
56240	5283
125	60330
125	70985
60330	125
2256	71803
16138	57092
3710	55232
55232	3710
3876	50546
3876	71509
50546	3876
1150	60207
1150	71278
60207	1150
7595	55264
55264	7595
55264	1324
21612	53952
53952	21612
3274	50075
3274	70082
5360	56441
56441	5360
4351	57567
1210	51393
51393	1210
16283	52998
16283	71273
52998	16283
2744	53162
53162	2744
12079	52178
12079	71331
52178	12079
237	70754
50940	5667
50940	183
546	50327
546	71217
4810	57654
229	53916
229	71803
1764	55723
1764	71229
55723	1764
851	71095
54073	981
54073	1568
10283	71181
18286	57571
18286	70947
57571	18286
57571	6248
613	56293
613	70082
56293	613
139	50930
139	71261
50930	139
50930	1338
50930	1005
2732	56473
2732	70877
56473	2732
2035	50622
2035	70523
50622	2035
2917	50936
50936	2917
50936	2957
50936	1994
1468	53191
53191	1468
264	53816
264	70754
53816	264
174	71181
3223	71181
3873	56452
3873	70892
56452	3873
2346	50327
20341	58859
20341	71743
58859	20341
58859	2323
13123	59337
13123	70760
59337	13123
4983	58681
4983	70828
58681	4983
148	55947
148	71411
1103	59174
1103	70484
59174	1103
2286	55894
2286	70476
55894	2286
1374	71075
10270	53645
53645	10270
198	59505
198	70431
59505	198
59505	356
59505	98
59505	8595
59505	527
59505	1572
59505	29
59505	13
59505	576
59505	348
59505	1115
59505	64
1187	59864
59864	1187
11108	50711
11108	70877
50711	11108
4483	52254
52254	4483
52254	1046
3618	57634
9739	55697
9739	70139
55697	9739
9669	57114
9669	71066
57114	9669
57114	523
57114	161
1230	50942
3295	71475
59651	3295
59651	228
59651	2048
59651	1874
59651	801
59651	6528
59651	13889
59651	702
1056	56129
56129	1056
810	52630
52630	810
52630	685
52630	210
52630	124
52630	775
10915	57982
10915	70599
57982	10915
10	52940
10	71217
52940	10
7200	70947
54327	2150
54327	5420
2082	53589
2082	71626
53589	2082
14514	55627
14514	71743
55627	14514
55627	19873
669	53639
669	70545
53639	669
384	52636
384	71743
52636	384
52636	1367
3604	51662
51662	3604
51662	6069
2565	59361
2565	70659
59361	2565
59361	2386
59361	2424
59361	2423
59361	2617
2386	59361
2386	70659
789	52434
789	70911
52434	789
477	51108
51108	477
1940	71792
55428	1940
55428	2829
7342	52515
52515	7342
52515	15481
600	55088
600	70764
58	53044
58	71475
3614	57643
3614	71105
57643	3614
800	52280
8441	53054
8441	70675
53054	8441
4730	70007
51737	20012
3306	55848
3306	71331
55848	3306
685	52630
685	71792
643	50075
643	70082
15399	58968
58968	15399
58968	4924
14106	52338
14106	70551
52338	14106
52338	17056
52338	17055
981	71509
720	51795
720	70139
8275	59684
8275	70944
59684	8275
16	53916
16	71803
1970	57460
1970	70567
57460	1970
15356	54206
15356	70911
54206	15356
6452	51795
6452	70139
5725	51795
5725	70139
6749	70139
13555	60370
60370	13555
9960	59470
9960	71475
59470	9960
60548	2426
60548	382
9107	59406
9107	70139
59406	9107
953	54574
54574	953
9162	52076
2069	71475
6248	57571
6248	70947
59	70100
50799	648
1720	50327
1720	70184
9654	57092
9654	70133
5049	51321
51321	5049
15648	56249
56249	15648
9986	70508
56334	14756
12464	58199
2150	70947
8248	59998
59998	8248
10994	71475
608	52990
608	71095
52990	608
61	56794
61	70963
56794	61
207	52328
207	71331
52328	207
52328	617
1483	57955
57955	1483
57955	1596
57955	1851
1078	70659
1849	70877
385	56108
385	71035
56108	385
491	51098
491	70754
51098	491
14	51318
14	70754
51318	14
6779	52191
6779	70332
52191	6779
693	59285
59285	693
59285	3813
3532	50373
3532	70082
3608	52426
52426	3608
217	54977
54977	217
340	70877
52711	126
288	58199
288	71105
10556	50942
10556	71803
21082	57121
21082	70431
57121	21082
607	54744
54744	607
18074	54394
54394	18074
895	71066
59308	895
59308	1369
735	58934
58934	735
130	54111
130	71192
54111	130
19058	50968
19058	71772
50968	19058
7537	53974
7537	70334
53974	7537
7326	52253
7326	71243
52253	7326
2299	50899
2299	70896
50899	2299
783	50942
783	71181
5748	58641
5748	70659
7351	60080
7351	70579
60080	7351
11958	51999
11958	71567
51999	11958
107	51336
107	70944
51336	107
51336	623
51336	284
4720	52729
4720	70799
52729	4720
654	58535
58535	654
10013	57287
57287	10013
2148	56813
2148	71104
56813	2148
5173	50052
5173	70959
50052	5173
8860	52017
52017	8860
490	60479
490	70754
60479	490
19050	60133
19050	70856
60133	19050
504	53039
504	70484
53039	504
1156	60122
1156	71475
60122	1156
3540	57420
57420	3540
16527	57385
16527	70668
57385	16527
15267	71217
59902	14158
59902	21629
59902	15619
18192	60639
18192	71763
60639	18192
34	59617
34	70947
59617	34
59617	8837
59617	94
59617	1172
59617	99
59617	262
21863	51922
51922	21863
22065	55837
22065	71575
55837	22065
165	59467
165	71261
59467	165
1063	70915
4139	55104
4139	71475
55104	4139
8878	50942
8878	71475
593	55947
593	70304
51	52329
51	71736
52329	51
52329	88
967	51208
967	71509
51208	967
7693	50181
7693	70879
50181	7693
257	55106
55106	257
60032	469
60032	4460
8743	54016
8743	70446
54016	8743
291	60114
60114	291
60114	411
60114	1127
537	57969
537	70961
13418	57010
13418	70512
57010	13418
177	50327
177	70007
70	55140
55140	70
275	70877
3006	50179
3006	70366
50179	3006
6456	53916
6456	70431
50632	5393
50632	1415
13597	53853
13597	71578
53853	13597
7615	71443
56685	190
1889	59583
1889	70602
59583	1889
11581	59472
11581	71217
59472	11581
11016	52076
11016	70700
3226	70754
59355	1203
59355	392
1347	59507
59507	1347
2501	71035
56923	2501
56923	911
56923	2367
2271	53982
2271	71000
53982	2271
2264	51284
51284	2264
44	53916
6095	57634
6095	70961
499	56599
499	70349
56599	499
11205	50942
11205	71743
6385	52954
6385	71450
52954	6385
2914	50574
2914	71049
50574	2914
7239	51777
7239	71331
51777	7239
11693	52895
11693	70734
52895	11693
6005	71311
56399	6005
9250	56388
9250	70785
56388	9250
12736	58823
12736	71768
58823	12736
58823	6467
17082	53197
17082	71509
53197	17082
482	57402
57402	482
51134	147
2474	71475
447	51135
447	71273
51135	447
12306	58565
12306	70463
58565	12306
2593	60588
2593	71368
60588	2593
19811	55681
55681	19811
21659	56994
56994	21659
316	54569
54569	316
19791	54859
54859	19791
54859	9985
191	70961
1706	59289
1706	71803
12072	60746
12072	70892
60746	12072
1707	55369
55369	1707
55369	9400
55369	306
301	58966
301	71644
58966	301
2075	58378
58378	2075
58378	1443
3149	58352
3149	71533
58352	3149
4456	57404
57404	4456
1954	53741
1954	70199
53741	1954
4323	51795
4323	70139
126	52711
126	70924
1338	50930
1338	70366
1005	50930
1661	54626
54626	1661
551	51852
551	71419
51852	551
11159	51708
51708	11159
2316	50910
2316	71066
50910	2316
215	52670
215	71331
52670	215
3562	71272
805	51836
51836	805
6521	53345
6521	71311
53345	6521
4924	58968
2163	54868
2163	71079
54868	2163
3880	57296
3880	70673
57296	3880
57296	4352
57296	4900
57296	4462
57296	5216
261	59336
261	70961
59336	261
3980	56550
3980	70961
56550	3980
56550	1200
4352	57296
1200	56550
942	50813
50813	942
2348	54102
54102	2348
2631	51846
2631	70193
51846	2631
187	54408
54408	187
54408	248
54408	128
6324	60644
6324	71374
60644	6324
1218	53541
1218	71331
53541	1218
3086	71145
60383	3086
60383	3021
3021	60383
3021	71145
123	53938
123	71350
53938	123
9575	57654
8052	56069
8052	70754
56069	8052
1372	50701
50701	1372
367	52076
6211	52933
6211	70754
52933	6211
2864	60085
60085	2864
1033	53213
1033	70431
53213	1033
55654	553
55654	2933
1967	55242
1967	70824
17927	70139
50080	17927
50080	20141
50080	20142
50080	16107
50080	20138
50080	20136
50080	20140
50080	1673
1012	58211
1012	70615
58211	1012
623	51336
623	70944
3472	59040
3472	71150
59040	3472
1091	60780
60780	1091
3763	60079
3763	71509
60079	3763
1738	55950
55950	1738
55950	2094
228	59651
228	71475
334	56723
56723	334
11533	57428
57428	11533
410	52887
410	71129
52887	410
52887	542
20264	60643
60643	20264
72	51431
72	70944
51431	72
51431	1010
51431	965
51431	3546
178	51121
51121	178
51121	1120
51121	3049
1159	57046
1159	71035
57046	1159
1114	57806
1114	70748
57806	1114
284	51336
8330	53288
8330	71680
53288	8330
13138	57673
57673	13138
845	52699
845	70944
52699	845
53409	646
53409	14616
1794	58507
1794	70139
58507	1794
7216	52420
7216	70748
52420	7216
5379	53803
5379	70920
53803	5379
6100	55774
55774	6100
20110	70311
54558	20111
54558	14675
14616	53409
14616	71798
1417	58199
1417	70976
8853	53320
8853	70754
53320	8853
1971	53304
1971	71331
10665	57403
57403	10665
1120	70108
3140	58197
3140	70754
5095	51878
5095	70828
51878	5095
8993	57981
8993	71066
57981	8993
2126	54229
2126	71273
1470	54164
54164	1470
46	59871
59871	46
8837	70877
5348	57550
57550	5348
57550	3612
14583	57066
14583	71066
57066	14583
57066	2016
57066	3822
57066	9565
1311	53702
1311	70564
53702	1311
703	50736
703	71792
50736	703
8294	71502
6649	50567
6649	71164
50567	6649
50567	19438
50567	333
50567	2679
50567	20083
208	55880
208	70659
55880	208
55880	344
55880	32
55880	182
5154	51859
5154	70877
2998	60431
2998	70087
60431	2998
2880	50324
2880	70431
50324	2880
1290	51557
1290	71578
15251	60708
15251	70479
60708	15251
175	55947
8799	50373
1148	70754
5996	52076
5996	70021
866	53858
866	71743
53858	866
5827	57969
5827	71405
68	51582
51582	68
168	70507
382	60548
387	53818
387	70504
53818	387
10084	57654
10084	71186
1059	57205
57205	1059
57205	3040
14937	53713
14937	71008
53713	14937
12300	57937
12300	70006
57937	12300
2398	70877
199	50327
199	71217
743	50327
1203	59355
1203	70754
532	71181
8445	50143
8445	70419
1116	71505
51578	349
51578	1049
212	50678
212	71475
50678	212
10901	57092
7453	57092
548	51807
548	71066
51807	548
3779	57694
3779	70629
57694	3779
248	54408
248	71035
9089	57176
9089	70754
57176	9089
18916	57273
18916	70291
57273	18916
6006	56988
6006	71311
56988	6006
13748	54620
13748	70404
54620	13748
4278	51719
51719	4278
4507	53679
4507	71066
53679	4507
5134	52086
601	60501
60501	601
60501	590
164	55699
164	71475
55699	164
113	71331
57195	3174
578	71035
54259	451
9698	58047
9698	70994
58047	9698
4298	57837
4298	71066
57837	4298
57837	4714
57837	3440
1387	54567
1387	71079
54567	1387
1319	50848
50848	1319
77	55947
77	71411
66	55947
66	71711
1082	58199
1082	70834
10412	71470
55219	10983
3323	55486
3323	70828
55486	3323
55486	297
1674	50367
8622	57092
9653	70133
3450	52525
52525	3450
10949	71502
1574	53781
53781	1574
1194	55063
1194	70754
269	50488
269	71055
50488	269
241	70754
2868	55294
55294	2868
210	52630
10275	57139
10275	70508
57139	10275
980	56430
980	70545
56430	980
74	71049
2496	52580
52580	2496
52580	6533
2467	57739
57739	2467
1814	50568
50568	1814
9817	52076
9817	71085
12556	54232
54232	12556
54232	13592
13604	51810
13604	70419
51810	13604
418	51949
51949	418
17056	70551
5651	54523
5651	71217
54523	5651
252	71456
55336	252
55336	299
55336	639
55336	249
2536	58763
58763	2536
18121	70691
56274	12521
706	51557
706	70187
1664	55390
55390	1664
6360	60722
6360	71772
60722	6360
885	59881
59881	885
6663	71475
7861	54823
54823	7861
11015	52076
1	56195
1	70754
1101	55762
1101	71296
55762	1101
15	54066
211	56195
211	70754
2301	56012
2301	71803
56012	2301
4602	70256
2875	52265
2875	70007
52265	2875
4849	54147
4849	71491
54147	4849
2189	54582
2189	71578
54582	2189
1534	56256
5374	60610
5374	71311
60610	5374
3684	53444
53444	3684
2622	70805
1888	52609
1888	71743
1035	50302
1035	70266
50302	1035
1596	57955
1596	70924
4229	70268
7054	59255
59255	7054
1654	55414
55414	1654
1786	70946
55675	955
2325	51352
2325	71149
7562	50954
7562	70911
50954	7562
2694	58633
2694	70431
58633	2694
4	52854
4	71475
11107	55242
11107	70924
5640	52095
52095	5640
52095	12153
910	60163
910	70689
60163	910
250	50327
9398	53193
9398	71575
53193	9398
1348	56162
56162	1348
11041	53128
53128	11041
1942	60500
1942	71185
60500	1942
373	58199
373	71105
4015	57299
4015	71095
20282	59736
59736	20282
9597	70877
57133	17646
7765	57683
57683	7765
2125	50807
2125	71278
50807	2125
1446	50367
1446	71337
2392	56738
2392	71162
56738	2392
2660	57555
2660	70748
57555	2660
13366	58137
58137	13366
13540	56880
13540	70003
56880	13540
1165	58386
1165	71792
58386	1165
58386	1870
58386	2030
58386	2774
6930	70944
124	52630
30	56816
56816	30
1656	56588
1656	71790
56588	1656
20111	54558
1411	71337
14675	54558
15119	53133
15119	70311
53133	15119
4020	55155
4020	70748
55155	4020
169	54293
54293	169
4515	59473
4515	70007
59473	4515
1207	51557
5277	59925
5277	70754
59925	5277
1232	59898
1232	71374
59898	1232
22277	51849
22277	71044
51849	22277
8206	55947
8206	70727
19572	59097
19572	71475
59097	19572
12910	51555
12910	71478
51555	12910
7289	58686
58686	7289
2502	57634
2502	70476
14605	50775
14605	70350
50775	14605
8598	51863
1070	55947
1070	70944
119	71456
1828	58331
58331	1828
923	55061
923	70754
55061	923
2016	57066
2016	71217
2933	55654
2933	70828
478	55633
478	70944
55633	478
8839	50300
8839	71475
50300	8839
50300	6112
11866	54897
54897	11866
1368	51598
51598	1368
51598	1050
51598	7385
3361	57654
4899	60262
4899	71580
60262	4899
3359	56174
56174	3359
8962	54588
8962	71235
54588	8962
1028	53912
1028	70944
53912	1028
2903	59046
2903	70139
2492	57654
19487	53715
19487	71399
53715	19487
3515	54668
3515	70754
54668	3515
392	59355
392	71079
53105	75
53105	9499
53105	11063
964	59169
964	70798
59169	964
4413	60288
60288	4413
10824	57654
1304	60292
60292	1304
81	57635
81	71331
57635	81
581	56556
56556	581
5412	50751
50751	5412
16450	53115
16450	70034
53115	16450
1209	71743
57433	1209
57433	1401
297	55486
234	60399
234	70754
60399	234
59465	3853
59465	844
6249	55892
6249	70828
55892	6249
55892	12998
4378	56198
4378	71484
56198	4378
628	55237
628	70508
55237	628
16720	58008
58008	16720
2200	70139
2842	59046
627	60391
627	70947
60391	627
60391	681
1354	55214
1354	71273
55214	1354
4860	52249
52249	4860
17102	51076
17102	71217
51076	17102
349	51578
349	71505
8682	60091
8682	70754
60091	8682
765	60284
765	71374
60284	765
13816	53111
53111	13816
2	58001
2	71475
58001	2
1050	51598
82	71337
57846	343
15198	52046
52046	15198
3082	59574
3082	70963
59574	3082
7984	53731
53731	7984
10297	58436
10297	71049
58436	10297
448	57349
57349	448
17420	59614
17420	71129
59614	17420
2663	57634
2663	70963
14064	60143
14064	70508
60143	14064
60143	1204
481	50327
6542	57112
57112	6542
98	59505
1242	58107
1242	71105
58107	1242
17728	59679
17728	70139
59679	17728
6547	52676
6547	70911
52676	6547
4545	51855
51855	4545
1043	50327
1043	70896
203	70754
3224	54066
3224	71035
4057	50306
4057	70963
50306	4057
4046	52086
1518	58607
58607	1518
4156	58432
4156	71743
58432	4156
21596	58287
58287	21596
790	58709
790	70947
58709	790
818	54077
54077	818
365	70754
51165	365
9400	55369
9400	70484
6533	52580
6071	58260
58260	6071
10234	52076
10234	71502
917	57642
57642	917
57642	2943
2761	52405
1527	53937
1527	71450
53937	1527
1133	54980
1133	71475
54980	1133
14945	51649
14945	70754
51649	14945
3760	54005
3760	70754
54005	3760
4121	57314
4121	70947
57314	4121
134	53993
134	71475
53993	134
2829	55428
2829	71792
1136	56982
1136	70877
56982	1136
797	60188
60188	797
75	71475
180	60629
180	70346
60629	180
60629	235
5570	53927
5570	71326
53927	5570
5127	52107
5127	71632
52107	5127
342	70106
17038	58460
17038	71331
58460	17038
936	51557
8037	52443
52443	8037
3945	57759
3945	71035
57759	3945
4438	71475
7256	58451
7256	70169
58451	7256
2199	58385
2199	70767
58385	2199
5638	55986
5638	70484
11434	55620
11434	71743
55620	11434
106	53799
106	71509
53799	106
2424	59361
2424	70659
466	51521
51521	466
13900	50707
13900	71181
50707	13900
16291	52500
52500	16291
52500	20439
52500	18187
1324	55264
1324	71509
728	56767
728	70911
56767	728
54	57963
54	71035
57963	54
3207	54000
3207	70828
54000	3207
10871	58627
10871	70896
58627	10871
271	51428
4832	56765
4832	70764
2993	54015
54015	2993
2811	51701
2811	70385
51701	2811
256	57601
256	70570
57601	256
388	52080
52080	388
52080	292
6354	53418
53418	6354
813	60281
813	70944
1754	52471
1754	70202
52471	1754
225	55854
225	70961
55854	225
3581	59258
3581	71104
59258	3581
109	70833
1581	60567
60567	1581
235	60629
235	71337
8412	54720
8412	71475
54720	8412
5558	50746
5558	71093
50746	5558
2041	71743
3160	57758
57758	3160
3571	70734
965	70484
12499	51324
51324	12499
4240	57690
57690	4240
1204	71792
14654	54252
54252	14654
4573	52076
4573	71502
8520	56628
56628	8520
987	58976
58976	987
9214	51355
9214	70688
51355	9214
3174	57195
2686	52036
2686	71049
52036	2686
52036	1926
52036	3619
2044	60795
2044	70944
60795	2044
1383	53226
53226	1383
5318	56621
5318	71374
56621	5318
4579	71505
5363	60259
60259	5363
60259	7853
9026	70139
10138	57654
10139	70139
2462	55394
55394	2462
105	50950
105	71331
50950	105
670	58874
670	71104
58874	670
283	57618
283	71509
57618	283
4719	58792
4719	71749
58792	4719
2627	55926
55926	2627
20141	50080
20141	70139
20142	50080
16107	50080
3516	56191
3516	71079
56191	3516
461	51831
51831	461
51831	33
292	70384
56	58199
56	70211
12998	70877
19438	50567
1188	60631
60631	1188
60631	63
1394	51800
51800	1394
1261	55574
1261	71475
55574	1261
353	58057
58057	353
12914	57969
2932	54349
54349	2932
12367	52790
12367	71095
52790	12367
842	52076
842	71582
1926	52036
1926	71283
5337	57037
5337	70963
57037	5337
3822	57066
3822	71217
6139	57345
6139	70431
57345	6139
1941	51788
1941	71479
51788	1941
8662	55569
8662	71362
55569	8662
694	52917
694	70508
52917	694
52917	1191
52917	1422
1191	52917
1191	70508
1422	52917
2860	70961
7546	53511
7546	71772
53511	7546
5407	53778
53778	5407
535	56847
56847	535
17143	58154
17143	71505
58154	17143
4496	70944
20234	53132
53132	20234
411	60114
411	71475
15651	59927
15651	71331
59927	15651
194	60357
194	71475
60357	194
5865	54465
54465	5865
54465	6921
13819	59366
13819	70741
59366	13819
318	60025
318	71336
60025	318
320	71792
4099	50518
4099	71273
50518	4099
6921	54465
6921	70872
6253	55744
6253	70924
55744	6253
55744	8605
20012	51737
20012	71217
8031	52555
8031	70944
52555	8031
3071	51795
3071	70139
16577	70818
2020	58199
2020	71475
2076	71743
4665	52106
4665	71475
52106	4665
1713	53777
1713	70833
22087	54083
22087	71035
108	55607
55607	108
55607	1048
14455	56805
14455	70754
56805	14455
744	50878
744	70754
50878	744
1345	56148
56148	1345
5903	51155
463	59655
463	70529
59655	463
390	53683
390	71337
53683	390
53683	89
979	60723
979	71104
60723	979
147	51134
147	70708
2015	52960
2015	71035
52960	2015
21769	59417
21769	71509
59417	21769
5075	70476
9827	57439
9827	71095
57439	9827
13538	59038
59038	13538
8595	59505
16403	54565
16403	71035
54565	16403
1388	57969
299	55336
299	71456
10110	70700
3357	56329
3357	71637
56329	3357
8384	50359
50359	8384
437	55947
437	71411
821	70963
39	53044
39	71475
2580	54873
54873	2580
54873	7728
12377	54373
54373	12377
4900	70961
4462	57296
4462	70961
5216	57296
5216	70961
50071	1342
862	54622
862	71475
54622	862
1280	54329
1280	70628
54329	1280
10909	70912
4189	52826
4189	70754
52826	4189
52826	115
52826	2112
52826	9837
1126	57168
57168	1126
13858	71405
4786	70431
94	59617
25	71803
9	58199
311	51029
51029	311
3508	58126
3508	70754
58126	3508
6112	50300
6112	71674
88	52329
88	71736
5425	55088
11530	71743
56158	11530
56158	14523
527	59505
3985	51125
51125	3985
1443	58378
4944	52270
52270	4944
14523	56158
441	59122
441	71018
948	55947
948	71411
586	52242
586	71475
52242	586
6311	58639
6311	71078
58639	6311
5393	70121
12081	52062
12081	71079
52062	12081
95	57969
95	70961
3833	52845
3833	70404
52845	3833
195	54843
195	71066
54843	195
8137	58498
8137	70947
58498	8137
1190	59358
59358	1190
6856	71414
265	52647
265	71475
52647	265
12953	50331
12953	71475
50331	12953
1870	71792
2030	58386
2030	71792
2073	58256
2073	71737
58256	2073
933	58917
58917	933
1003	52110
1003	70754
52110	1003
52110	531
1712	53720
53720	1712
2772	54715
54715	2772
133	59210
133	70139
59210	133
3088	59399
59399	3088
3375	59692
3375	71475
59692	3375
223	59458
59458	223
10706	58246
10706	71205
58246	10706
1048	55607
1048	70754
5450	56658
56658	5450
341	53908
341	70944
53908	341
2484	55385
55385	2484
1370	55169
12541	53793
12541	71331
53793	12541
2092	54740
2092	70961
54740	2092
494	54123
54123	494
323	56195
323	70754
12183	52574
12183	71475
52574	12183
1044	50942
1044	71475
1702	51352
1702	71149
590	70184
333	50567
333	71217
13095	53304
13095	70924
22228	60040
22228	70708
60040	22228
3907	57828
3907	71066
57828	3907
734	55825
734	71079
55825	734
2473	71475
838	59297
838	71273
59297	838
2713	57644
2713	71803
57644	2713
2342	58004
2342	71743
58004	2342
344	55880
344	70661
2048	59651
666	59377
666	70346
59377	666
5273	59311
5273	71345
59311	5273
5556	55947
2918	57969
2918	71374
13605	57944
13605	70173
57944	13605
4714	71066
3440	57837
157	59904
59904	157
59904	2664
3247	56032
3247	71226
56032	3247
1561	50487
50487	1561
9712	52076
9712	71502
1369	59308
53	52248
53	70496
52248	53
143	51112
51112	143
5824	50111
5824	71331
50111	5824
361	71696
118	60241
60241	118
231	51005
51005	231
3289	60293
3289	71333
60293	3289
650	50319
8016	57668
8016	71066
57668	8016
3040	57205
3040	71509
1019	59057
1019	71331
59057	1019
7706	60258
7706	71331
60258	7706
635	60783
635	70911
60783	635
534	50765
50765	534
3049	51121
3049	70431
2195	59741
2195	70508
59741	2195
6065	50373
19404	55660
55660	19404
8347	60743
60743	8347
1862	52140
1862	70499
52140	1862
678	56765
678	70764
1572	59505
15618	57788
57788	15618
18526	52442
18526	71639
52442	18526
29	59505
29	70892
4839	50424
4839	70963
50424	4839
50424	5527
50424	5330
50424	2582
2373	54249
2373	70567
54249	2373
12535	51107
51107	12535
132	70754
53754	6
15697	60037
15697	71250
60037	15697
1704	58400
1704	71079
58400	1704
2029	57952
57952	2029
19	57634
19	71181
5	51859
3840	70834
5707	57654
5707	70139
6504	51462
6504	70175
51462	6504
43	70896
2876	59638
2876	71327
59638	2876
1865	53005
1865	71743
5977	58583
58583	5977
58583	10140
58583	3862
412	58199
412	70834
952	55341
55341	952
24	52313
24	71509
52313	24
52313	331
285	57015
57015	285
1013	52969
1013	70896
52969	1013
3265	57422
3265	70994
57422	3265
1639	52320
52320	1639
2345	57654
2345	70366
22	59497
22	71264
59497	22
1366	51702
51702	1366
277	50643
277	70794
50643	277
1469	70587
5815	54825
5815	70947
54825	5815
14555	57896
14555	71707
57896	14555
57896	14540
57896	17645
57896	19862
4154	54880
54880	4154
7728	71475
190	56685
190	70431
7699	52347
7699	70739
52347	7699
18863	59413
18863	70267
59413	18863
59413	11181
4619	57546
57546	4619
57546	3860
2771	71792
8184	56885
8184	71273
56885	8184
2766	70139
7735	70139
2566	57654
2767	57654
2767	70139
962	52920
962	71803
52920	962
7594	52810
52810	7594
21715	54543
21715	71575
54543	21715
3464	51092
3464	71653
51092	3464
1780	54612
1780	71416
54612	1780
681	60391
681	70947
9843	52842
9843	71794
52842	9843
3678	56241
3678	70896
56241	3678
4504	51510
4504	71509
51510	4504
65	55474
55474	65
281	71443
1526	59485
1526	71798
59485	1526
7963	57108
7963	70911
57108	7963
1440	55907
1440	70431
55907	1440
14956	58900
14956	70400
58900	14956
18496	60175
60175	18496
115	52826
4133	54981
54981	4133
1874	70419
1841	70963
18455	70330
60072	18455
60072	9652
12639	57799
57799	12639
104	71105
14756	56334
14756	71092
307	59237
307	71035
59237	307
7	71743
1172	59617
1172	70877
20138	50080
20138	70139
8263	55158
8263	70911
55158	8263
20136	50080
20136	70139
2393	51745
2393	70927
906	70256
768	57969
768	71604
5201	57969
5201	70440
389	57969
389	70256
2097	50675
2097	71164
50675	2097
662	56256
1226	57281
57281	1226
7006	51155
7006	70734
379	51926
51926	379
273	51117
273	71475
51117	273
5295	52491
5295	70340
52491	5295
346	53869
53869	346
1668	50367
474	52856
474	71438
52856	474
1682	55366
1682	71652
55366	1682
55366	14163
3185	71475
11114	51173
11114	71789
51173	11114
849	54654
54654	849
2907	55316
55316	2907
2697	56533
2697	71066
56533	2697
150	57512
150	70772
1121	71803
5038	52076
5038	71502
2362	71456
4841	59547
59547	4841
3597	70963
2142	56809
2142	71066
56809	2142
13237	54893
13237	70944
54893	13237
896	59710
59710	896
2093	53949
2093	71035
53949	2093
2122	60346
2122	70431
60346	2122
1286	52405
1286	70947
22047	58998
22047	70169
58998	22047
1906	58038
58038	1906
1893	57969
4108	70961
6223	53088
53088	6223
32	55880
4858	57092
7454	70923
58913	317
7747	60483
7747	71509
60483	7747
11104	71129
1301	52734
1301	70522
52734	1301
888	54290
54290	888
20031	70133
15312	51290
15312	70824
51290	15312
5667	50940
5667	70963
317	58913
317	70007
870	71743
7884	54097
7884	71485
54097	7884
5051	70961
1607	56460
1607	70828
775	71792
12078	52616
12078	70828
52616	12078
972	58566
972	70412
58566	972
58566	282
2374	70911
5527	50424
5527	70963
7086	58479
7086	71475
58479	7086
16824	55623
16824	71440
55623	16824
55623	17107
1974	59375
1974	70772
59375	1974
2540	71035
12897	71405
621	57969
621	70961
8620	57092
8620	70133
8621	70133
5046	55378
5046	70911
55378	5046
103	53933
53933	103
55	53044
968	57282
57282	968
4152	53005
1851	57955
1851	70924
144	70518
7766	60179
7766	71696
60179	7766
3111	55501
3111	70961
55501	3111
335	60407
335	70239
60407	335
11178	71502
19106	57969
10887	54374
10887	70994
54374	10887
1167	51529
1167	70504
51529	1167
2911	71475
6451	51795
6451	70139
5724	51795
6197	51795
6197	70139
7395	51795
7395	70139
1415	50632
1415	70121
5928	59064
5928	70184
59064	5928
746	70944
35	71105
21048	54763
54763	21048
6972	57286
6972	71644
57286	6972
14158	59902
17222	54360
54360	17222
78	56448
78	71035
56448	78
8654	50446
50446	8654
2919	53916
2919	71803
847	55490
55490	847
28	50319
28	71763
11120	60711
11120	71475
60711	11120
863	56195
863	71035
14445	70828
2361	51496
2361	70067
51496	2361
4235	59101
4235	71143
59101	4235
12874	55822
12874	70969
55822	12874
14203	59844
14203	71803
59844	14203
709	50541
709	71792
50541	709
50541	5089
4239	55242
4239	71035
1313	59373
1313	70035
59373	1313
10859	56527
10859	70739
56527	10859
2327	58174
58174	2327
941	57124
57124	941
3063	50597
3063	71035
50597	3063
306	55369
306	70944
7740	51857
7740	70505
51857	7740
7381	70111
1821	57716
1821	70139
57716	1821
9738	60600
9738	70047
60600	9738
60600	13801
13801	60600
13801	70248
19959	55823
19959	70260
55823	19959
55823	4274
8723	59289
8723	71475
469	60032
469	70419
146	54784
146	71296
54784	146
11504	58336
11504	71743
58336	11504
2764	54169
2764	70754
54169	2764
8302	55939
55939	8302
14540	57896
14540	71707
17645	71707
19862	57896
1106	52650
1106	70754
52650	1106
2352	56195
7452	50192
7452	70944
50192	7452
3210	55787
55787	3210
2510	50411
2510	71416
50411	2510
2679	50567
2679	71217
3213	50793
3213	71251
50793	3213
899	58199
899	71105
6260	58890
6260	71311
58890	6260
3214	51745
6	53754
6	70754
1306	51584
1306	71475
51584	1306
16342	53085
5671	57614
5671	71105
57614	5671
462	71475
57949	2554
21	50184
21	71417
50184	21
302	60113
60113	302
18012	50115
50115	18012
1423	70963
4735	51079
51079	4735
7981	51201
51201	7981
51201	3156
4031	54200
4031	71755
54200	4031
18371	70484
57924	18371
57924	10981
10193	57057
10193	71475
57057	10193
26	57591
26	70944
57591	26
2237	70431
10313	58896
58896	10313
1582	56359
1582	71331
56359	1582
3437	59046
3437	70932
2774	71792
9404	55986
9404	70484
15026	60082
15026	71509
60082	15026
451	54259
6085	59748
6085	70286
59748	6085
14060	50199
14060	71743
50199	14060
419	57654
419	70139
131	54416
131	71475
54416	131
5330	50424
345	55963
345	70754
55963	345
5458	57444
57444	5458
2235	55585
55585	2235
2900	71475
738	52356
738	71079
52356	738
533	71247
18370	56081
18370	70014
56081	18370
5510	50581
5510	70896
50581	5510
7170	57092
9652	60072
3417	57969
343	57846
343	70828
911	56923
911	71035
1464	51326
1464	70358
51326	1464
1197	52914
1197	70358
52914	1197
1875	52076
1875	71124
69	58013
69	70828
58013	69
220	57969
220	70961
3619	71374
3993	60748
60748	3993
9932	52639
9932	70194
52639	9932
912	52348
52348	912
1927	50650
1927	70107
50650	1927
7160	50207
7160	71416
50207	7160
9760	55473
9760	71277
55473	9760
4637	55662
4637	71475
55662	4637
13	59505
13	70431
6528	70752
8613	56007
8613	71651
56007	8613
3526	70139
331	52313
331	71509
3089	59046
3089	70139
1782	50332
50332	1782
14413	57027
57027	14413
1008	71509
10840	52076
10840	71502
3125	53005
3125	71743
3703	50988
3703	70949
50988	3703
2582	50424
2582	70963
137	51963
137	71035
51963	137
83	60384
83	71424
60384	83
14225	53922
53922	14225
8605	55744
8605	70877
1762	58444
58444	1762
91	70754
3238	52905
3238	71331
52905	3238
395	50327
395	71501
1590	54806
1590	71743
54806	1590
3554	53064
3554	71078
53064	3554
5775	52821
52821	5775
20439	52500
20439	70366
18187	52500
18187	70366
16290	54136
16290	70366
55545	2177
2177	55545
2177	71743
400	58334
400	70754
58334	400
38	56195
1104	53808
53808	1104
1329	51126
1329	71475
51126	1329
1951	56305
56305	1951
576	70739
1914	51525
51525	1914
371	55337
371	71331
10281	50811
10281	71373
50811	10281
6123	57191
6123	71331
57191	6123
4222	51997
4222	70739
51997	4222
14117	57969
14117	71405
1018	71475
50459	1018
50459	2659
932	51879
932	71496
51879	932
183	50940
6538	50425
6538	71792
50425	6538
2112	52826
128	54408
128	71763
360	57634
360	70963
13818	53354
13818	70366
53354	13818
9354	51141
9354	71509
51141	9354
2674	54188
2674	70044
54188	2674
3583	54411
54411	3583
4505	51903
51903	4505
1118	57912
1118	71588
57912	1118
8479	70744
56120	433
56120	8926
56120	186
4380	71696
3537	56888
56888	3537
2377	55612
55612	2377
1342	50071
1342	71724
12153	52095
12153	70944
11603	59768
11603	70944
59768	11603
378	55947
378	70944
2056	58664
2056	70947
58664	2056
539	54076
539	70448
54076	539
21446	60226
21446	70892
60226	21446
6198	70139
6748	51795
6748	70139
7396	70139
2799	52569
2799	71035
52569	2799
1600	57634
1600	70587
1688	56460
1274	55849
1274	70003
55849	1274
21316	52136
21316	71623
52136	21316
1747	57634
1747	70963
1999	51305
1999	71187
51305	1999
10983	55219
10983	71743
3538	55652
55652	3538
1835	70772
465	57969
465	71604
880	57969
13902	56959
13902	70980
56959	13902
2664	59904
2664	70256
3370	71798
3972	52170
3972	70629
2156	50494
2156	71261
50494	2156
153	57634
7212	59397
7212	71189
59397	7212
864	56195
9499	53105
9499	70963
1578	58275
1578	71509
58275	1578
5794	57969
5794	70508
2391	52233
2391	71610
52233	2391
6319	50741
6319	71363
50741	6319
8005	54656
8005	71049
71	51859
71	70924
348	59505
348	70896
9164	53696
53696	9164
7219	58753
7219	71509
58753	7219
602	52280
602	71658
282	58566
5868	54645
5868	70637
54645	5868
15309	52076
15309	70889
1412	59569
59569	1412
5353	52972
5353	70401
52972	5353
6911	53216
53216	6911
2096	58064
58064	2096
8721	51328
8721	70748
51328	8721
1532	70947
2943	57642
2943	71787
444	57634
919	56765
5089	50541
5089	71273
542	52887
1237	57969
1237	70963
280	60240
60240	280
1976	56707
1976	71475
56707	1976
14684	55049
14684	70366
588	59301
588	70877
59301	588
2367	56923
566	51801
51801	566
4023	50109
4023	70754
50109	4023
1049	71505
1766	57299
3173	52812
3173	71035
52812	3173
10981	57924
10981	70484
18943	59034
18943	71450
59034	18943
21232	52015
52015	21232
12971	54608
12971	71217
54608	12971
1622	52086
523	57114
1331	60187
1331	71475
60187	1331
251	50317
251	71475
50317	251
3877	71475
2244	53085
2244	71186
399	70744
617	52328
17825	57092
639	55336
639	71456
3860	57546
3860	70944
99	70947
2323	58859
2323	70924
20	53973
20	71475
53973	20
9774	56975
56975	9774
56975	7866
56975	10379
4208	56369
4208	71509
56369	4208
56369	8260
8260	56369
8260	71509
4460	60032
7479	60617
7479	71475
60617	7479
3497	51619
3497	71496
51619	3497
62	60003
60003	62
13673	54063
13673	71078
54063	13673
6353	50202
6353	71014
50202	6353
4704	70963
56281	4704
56281	1315
1335	56333
1335	70431
56333	1335
1184	52847
1184	71352
52847	1184
15481	71629
1401	71743
20678	58653
20678	71331
58653	20678
9451	55025
9451	70169
55025	9451
6467	58823
6467	71753
11	70431
182	70659
12857	51320
12857	71277
51320	12857
793	57634
793	71095
1046	52254
13064	51240
13064	70944
555	51394
555	71316
51394	555
17	50319
17	71035
2212	57817
2212	71478
57817	2212
17055	52338
17055	70551
16779	51443
16779	71475
51443	16779
2653	71095
11728	57092
8700	55120
8700	71411
55120	8700
2146	56944
56944	2146
867	56622
867	70484
56622	867
5405	56608
56608	5405
5265	53491
5265	71757
53491	5265
9565	57066
9565	71217
406	56132
406	70896
56132	406
50	50319
50	70431
963	53946
963	71186
53946	963
6449	58035
6449	71509
58035	6449
3	59486
3	71743
59486	3
739	58992
58992	739
2874	52073
2874	70431
52073	2874
20083	50567
20083	71217
433	56120
10516	71189
2812	51172
51172	2812
4632	55831
507	59503
507	71264
59503	507
6219	57064
57064	6219
17838	56094
17838	70558
56094	17838
3250	60528
60528	3250
3813	59285
3813	70199
3612	57550
3612	70127
1601	57020
57020	1601
63	60631
63	71066
2905	55927
55927	2905
8526	58936
8526	71475
58936	8526
5160	54971
5160	70754
54971	5160
2615	56460
2615	70828
14163	55366
14163	71652
48	52844
48	71509
52844	48
861	57989
57989	861
7337	70734
159	52280
12179	55992
12179	71772
55992	12179
8926	70744
1679	52638
1679	71314
52638	1679
17646	57133
1471	50933
50933	1471
844	59465
844	71475
7533	54384
7533	70731
54384	7533
224	58199
224	71105
127	52908
127	70754
52908	127
2979	57163
57163	2979
1576	52720
1576	70896
52720	1576
80	57634
80	71181
7457	58674
7457	70846
58674	7457
45	70256
10078	55008
10078	70754
55008	10078
90	51497
51497	90
1152	50327
1152	71217
1058	71217
1568	54073
1568	71095
2825	57617
2825	71331
57617	2825
11181	59413
11181	70267
2360	54783
2360	70924
54783	2360
6185	51863
6185	70421
1328	59877
59877	1328
1127	60114
7204	55191
7204	71035
55191	7204
87	58262
87	71509
58262	87
10916	53968
53968	10916
577	70247
990	56526
990	71401
56526	990
567	51428
13889	59651
13889	71475
647	51259
647	71095
51259	647
236	51557
236	70612
394	57871
394	70944
57871	394
9574	57654
2618	57654
8552	57654
18362	55022
18362	70877
55022	18362
1886	56195
1886	70754
4300	51978
4300	71475
51978	4300
2833	51745
2833	70456
151	56398
56398	151
4315	53903
4315	71619
53903	4315
7525	57092
7169	57092
7169	70923
737	56464
737	70896
56464	737
648	50799
648	70100
20139	70139
7795	50579
7795	71803
50579	7795
1414	55868
55868	1414
6637	55913
55913	6637
702	59651
702	71475
2659	70963
19302	54979
54979	19302
161	57114
161	71035
22209	53565
22209	71273
53565	22209
7056	51795
7056	70139
712	58835
712	70197
58835	712
19873	55627
2381	56590
56590	2381
1124	56256
17360	53361
53361	17360
76	53044
76	71475
493	56879
493	71509
56879	493
2080	55048
55048	2080
603	56195
17107	55623
393	55141
393	70944
55141	393
4439	51103
4439	70944
51103	4439
4598	59273
4598	70431
59273	4598
1767	50367
1767	71582
3546	51431
3546	70944
559	59805
59805	559
52	53916
52	71803
243	70431
19221	71217
2187	52204
2187	71475
52204	2187
1964	58651
1964	71104
58651	1964
8288	52093
8288	70164
52093	8288
1132	50822
50822	1132
1409	56143
1409	70947
56143	1409
33	71475
1115	59505
5548	53772
5548	71509
53772	5548
1885	70877
89	53683
89	71337
6229	58641
6229	70659
1673	50080
20971	58660
58660	20971
1352	60034
1367	52636
1367	71743
9881	71405
11482	60687
11482	71596
60687	11482
214	56195
116	55947
116	70944
6862	53441
6862	71475
53441	6862
3012	52454
3012	70451
52454	3012
508	52524
508	71104
52524	508
31	71475
574	50790
574	70644
50790	574
21629	59902
21629	70949
1542	58986
1542	71509
58986	1542
1398	56765
10639	50196
50196	10639
2554	57949
4736	71792
622	56545
622	70961
56545	622
9138	51745
9138	71443
2058	70961
11491	54765
11491	70877
54765	11491
10140	58583
10140	71582
763	70754
10638	71124
9001	71743
955	55675
955	70947
7272	57634
7272	70961
17680	54853
17680	71217
54853	17680
11063	53105
2290	51352
2290	71149
5292	51863
6979	54040
6979	71241
552	58185
552	70877
58185	552
1994	50936
1994	70896
326	57969
326	70961
186	70523
15759	56481
15759	70431
56481	15759
4267	57135
4267	70941
57135	4267
3714	55292
55292	3714
3862	58583
9564	53098
9564	71615
53098	9564
10379	71509
10380	71509
1773	54536
1773	70754
54536	1773
7526	51863
7526	70301
487	50391
487	71331
50391	487
3156	51201
3156	71509
12521	56274
9103	70133
496	51745
496	70849
7073	55255
7073	71279
55255	7073
3924	71331
423	59008
423	70169
59008	423
407	57634
407	70963
7995	51337
7995	70961
51337	7995
249	55336
152	70772
21298	58452
58452	21298
17547	51713
51713	17547
262	59617
262	71079
14630	56083
14630	70474
56083	14630
7853	60259
2406	59289
2406	70828
3048	56423
3048	71066
56423	3048
1520	54631
1520	70504
54631	1520
2238	52266
2238	70754
52266	2238
21743	56171
56171	21743
9837	52826
9837	70504
4700	54511
4700	70819
54511	4700
19054	51187
19054	70625
51187	19054
1315	56281
1315	71400
4234	57734
57734	4234
8675	51319
51319	8675
166	52530
166	70087
52530	166
1025	51945
1025	71261
51945	1025
9966	54730
9966	71743
54730	9966
16846	70507
6069	71509
18140	50327
10215	51631
10215	71572
51631	10215
4274	55823
6296	50373
6296	70082
15619	59902
6046	53317
6046	70944
53317	6046
4940	52469
4940	71035
52469	4940
4277	52086
321	57299
2535	58388
2535	70163
58388	2535
3322	71475
18968	57969
18968	71405
9985	54859
9985	71331
769	70002
2423	59361
2617	70659
71424	5233
71424	83
71278	8632
71278	1150
71278	2125
71278	21298
70723	5693
70754	289
70754	1026
70754	3895
70754	2744
70754	237
70754	264
70754	10270
70754	15648
70754	491
70754	14
70754	490
70754	1236
70754	3226
70754	8052
70754	6211
70754	8853
70754	3140
70754	46
70754	594
70754	1148
70754	1203
70754	9089
70754	1194
70754	241
70754	885
70754	1
70754	211
70754	5277
70754	923
70754	3515
70754	234
70754	16720
70754	4860
70754	8682
70754	203
70754	365
70754	14945
70754	3760
70754	14455
70754	744
70754	202
70754	12377
70754	4189
70754	3508
70754	1003
70754	1048
70754	323
70754	132
70754	18401
70754	2764
70754	1106
70754	2352
70754	6
70754	345
70754	91
70754	400
70754	2112
70754	864
70754	4023
70754	4460
70754	739
70754	5160
70754	127
70754	10078
70754	1886
70754	763
70754	1773
70754	2238
70754	84
70431	4826
70431	422
70431	37
70431	7650
70431	3056
70431	484
70431	198
70431	21082
70431	6456
70431	1033
70431	178
70431	2880
70431	2694
70431	1207
70431	1188
70431	6139
70431	4786
70431	3049
70431	190
70431	1440
70431	2122
70431	2929
70431	2237
70431	13
70431	62
70431	1335
70431	11
70431	50
70431	2874
70431	4598
70431	243
70431	15759
71743	4273
71743	3507
71743	268
71743	9476
71743	295
71743	649
71743	2779
71743	20341
71743	14514
71743	384
71743	7342
71743	11205
71743	11609
71743	4456
71743	866
71743	1888
71743	1209
71743	4156
71743	11434
71743	2041
71743	2076
71743	11530
71743	2342
71743	534
71743	1865
71743	7
71743	870
71743	4152
71743	11504
71743	18012
71743	14060
71743	3125
71743	1590
71743	2177
71743	10983
71743	1401
71743	3
71743	19873
71743	1367
71743	9001
71743	9966
70944	10711
70944	695
70944	483
70944	2974
70944	12856
70944	60
70944	8275
70944	3608
70944	107
70944	623
70944	72
70944	845
70944	5640
70944	6930
70944	1070
70944	478
70944	1028
70944	258
70944	813
70944	2044
70944	10591
70944	4496
70944	8031
70944	341
70944	13237
70944	746
70944	306
70944	7452
70944	26
70944	12153
70944	11603
70944	378
70944	3860
70944	13064
70944	394
70944	393
70944	4439
70944	3546
70944	116
70944	6046
71149	2442
71149	2325
71149	1702
71149	2290
71049	3304
71049	2914
71049	74
71049	10297
71049	2686
71049	8005
9754	71508
71508	9754
71337	809
71337	2708
71337	1674
71337	1446
71337	1411
71337	82
71337	235
71337	390
71337	89
71035	2010
71035	8
71035	889
71035	2528
71035	209
71035	222
71035	385
71035	2501
71035	1159
71035	248
71035	578
71035	3224
71035	3945
71035	85
71035	54
71035	977
71035	22087
71035	2015
71035	16403
71035	231
71035	307
71035	2093
71035	2540
71035	78
71035	847
71035	863
71035	4239
71035	3063
71035	451
71035	911
71035	137
71035	2799
71035	3173
71035	523
71035	17
71035	7204
71035	567
71035	161
71035	4940
70106	342
70659	362
70659	2565
70659	2386
70659	1078
70659	5748
70659	21659
70659	208
70659	8037
70659	2424
70659	535
70659	32
70659	3210
70659	182
70659	138
70659	6229
70659	96
70659	2423
70659	2617
70828	404
70828	3484
70828	1030
70828	4983
70828	5095
70828	3323
70828	2933
70828	6249
70828	3207
70828	6354
70828	1607
70828	12078
70828	14445
70828	343
70828	69
70828	1688
70828	2615
70828	2406
70191	171
70191	20745
71456	661
71456	252
71456	119
71456	299
71456	2362
71456	639
70947	1382
70947	2517
70947	8123
70947	18286
70947	7200
70947	6248
70947	2150
70947	34
70947	627
70947	1050
70947	790
70947	4121
70947	2145
70947	8137
70947	5815
70947	681
70947	4133
70947	1286
70947	2056
70947	1532
70947	99
70947	1409
70947	955
70947	5420
71411	1760
71411	148
71411	77
71411	437
71411	948
71411	8700
71411	1471
71736	6655
71736	1140
71736	51
71736	88
71736	18496
71736	888
71158	3635
70897	8185
70909	14292
71475	40
71475	14161
71475	1485
71475	3385
71475	704
71475	11285
71475	1693
71475	1217
71475	3295
71475	58
71475	5452
71475	9960
71475	2069
71475	10994
71475	607
71475	1156
71475	4139
71475	8878
71475	257
71475	291
71475	2474
71475	424
71475	228
71475	68
71475	212
71475	164
71475	6663
71475	4
71475	1348
71475	19572
71475	8839
71475	2
71475	1133
71475	134
71475	797
71475	75
71475	4438
71475	8412
71475	1261
71475	411
71475	194
71475	2020
71475	4665
71475	39
71475	862
71475	311
71475	586
71475	265
71475	12953
71475	3375
71475	223
71475	2484
71475	12183
71475	1044
71475	2473
71475	7728
71475	65
71475	273
71475	3185
71475	801
71475	1906
71475	7086
71475	103
71475	55
71475	2911
71475	11120
71475	2327
71475	8723
71475	1306
71475	462
71475	7981
71475	10193
71475	131
71475	2900
71475	4637
71475	1329
71475	1018
71475	2377
71475	1976
71475	1331
71475	251
71475	3877
71475	20
71475	7479
71475	16779
71475	2146
71475	2812
71475	8526
71475	844
71475	1127
71475	13889
71475	41
71475	4300
71475	702
71475	2381
71475	76
71475	2187
71475	33
71475	6862
71475	31
71475	2554
71475	11063
71475	18140
71475	3322
70923	7168
70923	7454
70923	7169
71104	1826
71104	4035
71104	460
71104	2148
71104	169
71104	3581
71104	670
71104	979
71104	1964
71104	20971
71104	508
70172	11032
70172	968
71186	8189
71186	10084
71186	2244
71186	963
70451	6707
70451	20218
70451	3012
71792	308
71792	814
71792	810
71792	1940
71792	685
71792	703
71792	1165
71792	2829
71792	1204
71792	320
71792	1443
71792	1870
71792	2030
71792	5977
71792	4154
71792	2771
71792	775
71792	709
71792	2774
71792	6538
71792	4736
70601	2537
71635	6751
71617	11950
70584	3144
71509	1543
71509	7656
71509	1498
71509	3876
71509	3604
71509	981
71509	967
71509	17082
71509	11159
71509	3763
71509	7765
71509	581
71509	106
71509	466
71509	1324
71509	283
71509	21769
71509	3985
71509	3040
71509	24
71509	4504
71509	7747
71509	15026
71509	331
71509	1008
71509	9354
71509	1578
71509	7219
71509	1412
71509	9774
71509	4208
71509	7866
71509	8260
71509	6449
71509	4632
71509	48
71509	87
71509	531
71509	151
71509	493
71509	5548
71509	1542
71509	10379
71509	10380
71509	3156
71509	6069
71181	238
71181	10283
71181	174
71181	3223
71181	783
71181	532
71181	13900
71181	2741
71181	19
71181	9164
71181	80
71264	22
71264	302
71264	507
71327	92
71327	2876
71331	921
71331	8447
71331	1593
71331	12079
71331	3306
71331	207
71331	7239
71331	215
71331	1218
71331	1971
71331	113
71331	2868
71331	1534
71331	81
71331	17038
71331	3174
71331	105
71331	15651
71331	8384
71331	1712
71331	12541
71331	5824
71331	1019
71331	7706
71331	1582
71331	3993
71331	766
71331	3238
71331	371
71331	6123
71331	20678
71331	2825
71331	17360
71331	487
71331	3924
71331	9985
70879	19060
70879	7693
70139	15043
70139	1277
70139	2288
70139	6450
70139	7394
70139	9739
70139	720
70139	6452
70139	5725
70139	6749
70139	9107
70139	4323
70139	17927
70139	20137
70139	1794
70139	2903
70139	10824
70139	2200
70139	17728
70139	9026
70139	10139
70139	20141
70139	20142
70139	3071
70139	133
70139	5707
70139	2766
70139	7735
70139	2767
70139	20138
70139	20136
70139	896
70139	6451
70139	6197
70139	7395
70139	1821
70139	419
70139	3526
70139	3089
70139	6198
70139	6748
70139	7396
70139	3744
70139	20139
70139	7056
70924	126
70924	1596
70924	11107
70924	6253
70924	13095
70924	5
70924	1851
70924	71
70924	2323
70924	2360
70896	6414
70896	541
70896	15794
70896	2299
70896	482
70896	13138
70896	11866
70896	1043
70896	10871
70896	43
70896	1013
70896	3678
70896	5510
70896	348
70896	406
70896	1576
70896	135
70896	737
70896	1994
71316	1616
71316	391
71316	555
71604	792
71604	768
71604	465
71604	880
71129	15773
71129	410
71129	284
71129	17420
71129	11104
71254	11247
71254	19101
71254	1226
21332	71157
71157	21332
71362	10865
71362	8662
71362	11728
71362	10910
70877	3060
70877	1086
70877	2732
70877	11108
70877	1849
70877	340
70877	275
70877	1091
70877	8837
70877	5154
70877	2398
70877	9597
70877	1136
70877	12998
70877	1172
70877	379
70877	8605
70877	588
70877	17646
70877	18362
70877	1885
70877	11491
70877	552
70911	5851
70911	572
70911	176
70911	14157
70911	4483
70911	789
70911	15356
70911	7562
70911	6547
70911	728
70911	635
70911	7963
70911	8263
70911	2374
70911	5046
70567	7259
70567	1970
70567	2373
70567	1762
70567	8675
70484	3541
70484	1103
70484	504
70484	9400
70484	5638
70484	965
70484	18371
70484	9404
70484	10981
70484	867
71303	6834
71066	14460
71066	1514
71066	1652
71066	9669
71066	895
71066	21863
71066	2316
71066	2348
71066	10665
71066	8993
71066	14583
71066	548
71066	4507
71066	4298
71066	3638
71066	4413
71066	195
71066	3907
71066	4714
71066	1369
71066	8016
71066	2697
71066	2142
71066	4505
71066	63
71066	3048
71217	19226
71217	10561
71217	546
71217	1056
71217	10
71217	15267
71217	11581
71217	199
71217	743
71217	5651
71217	2016
71217	17102
71217	3822
71217	20012
71217	333
71217	2679
71217	10313
71217	12971
71217	9565
71217	20083
71217	1152
71217	1058
71217	19221
71217	17680
70419	757
70419	8445
70419	13604
70419	2772
70419	1874
70419	469
70111	3193
70111	7381
70599	2781
70599	3139
70599	10915
70599	18074
70599	5134
70599	12556
70599	4277
70772	679
70772	150
70772	1974
70772	1835
70772	152
71311	4867
71311	3771
71311	8243
71311	13842
71311	4320
71311	6005
71311	6521
71311	5564
71311	6006
71311	8714
71311	5374
71311	13841
71311	11069
71311	6821
71311	6260
71311	5022
71311	5182
4867	71311
70346	513
70346	2821
70346	180
70346	666
70708	495
70708	147
70708	22228
70708	912
71347	7864
70150	5765
71761	415
70849	496
71277	97
71277	9760
71277	12857
71251	13300
71251	3213
71735	350
70026	747
70961	2610
70961	477
70961	537
70961	6095
70961	191
70961	261
70961	3980
70961	4352
70961	225
70961	2860
70961	4900
70961	4462
70961	5216
70961	95
70961	2092
70961	4108
70961	5051
70961	621
70961	3111
70961	220
70961	622
70961	2058
70961	7272
70961	326
70961	7995
71079	3447
71079	2163
71079	1387
71079	392
71079	3516
71079	12081
71079	734
71079	1704
71079	738
71079	262
70050	1007
70765	18262
71601	18869
70734	7002
70734	11693
70734	3571
70734	7006
70734	7337
70834	7755
70834	12464
70834	382
70834	1082
70834	3840
70834	412
70844	3724
70827	347
70082	3792
70082	6074
70082	3274
70082	613
70082	643
70082	3532
70082	6296
71691	9673
71582	1125
71582	842
71582	1767
71582	10140
71441	21874
70748	6383
70748	1114
70748	7216
70748	2660
70748	4020
70748	8721
70225	11001
70132	73
70976	1417
70976	4278
71260	20768
71260	5458
71333	5650
71333	11041
71333	3289
71696	361
71696	7766
71696	4380
70764	600
70764	4832
70764	5425
70764	678
70640	2099
70989	2616
70366	3197
70366	3006
70366	1338
70366	2345
70366	20439
70366	18187
70366	16290
70366	13818
70366	14684
71095	872
71095	851
71095	608
71095	4015
71095	12367
71095	9827
71095	14413
71095	793
71095	2653
71095	1568
71095	647
71037	1770
70404	15094
70404	13748
70404	3833
70781	6314
71374	117
71374	6324
71374	1232
71374	765
71374	5318
71374	2918
71374	3619
71374	159
70963	2835
70963	1187
70963	61
70963	2705
70963	3082
70963	2663
70963	4057
70963	5337
70963	821
70963	4839
70963	1841
70963	3597
70963	5667
70963	5527
70963	1423
70963	2582
70963	360
70963	4659
70963	1747
70963	9499
70963	444
70963	1237
70963	4704
70963	2659
70963	407
71014	121
71014	6353
70985	19920
70985	125
70985	5049
70552	2123
70697	5283
70507	184
70507	168
70507	16846
71803	2256
71803	229
71803	16
71803	10556
71803	1706
71803	2301
71803	25
71803	2713
71803	962
71803	1121
71803	2919
71803	14203
71803	7795
71803	52
70133	16138
70133	9654
70133	8622
70133	9653
70133	20031
70133	8620
70133	8621
70133	9103
70587	21612
70587	1469
70587	1600
71273	16283
71273	447
71273	2126
71273	1354
71273	4099
71273	838
71273	8184
71273	5089
71273	22209
71229	1764
71261	139
71261	165
71261	2156
71261	1025
70523	2035
70523	186
70184	1720
70184	20234
70184	590
70184	5928
71336	1468
71336	318
70892	3873
70892	12072
70892	29
70892	21446
70892	1115
70760	13123
70476	2286
70476	15399
70476	1347
70476	2502
70476	5075
71075	1374
71626	2082
3771	71311
70545	669
70545	19811
70545	980
70545	2993
71105	3614
71105	288
71105	373
71105	1242
71105	5450
71105	104
71105	35
71105	899
71105	5671
71105	224
70675	8441
70007	4730
70007	177
70007	2875
70007	4515
70007	317
70007	1782
70551	14106
70551	17056
70551	17055
71502	9162
71502	8294
71502	10949
71502	10234
71502	4573
71502	9712
71502	5038
71502	11178
71502	10840
70100	59
70100	648
70508	9986
70508	10275
70508	628
70508	14064
70508	694
70508	1191
70508	2195
70508	8654
70508	5794
71443	7615
71443	281
71443	9138
70332	6779
70199	1954
70199	2467
70199	448
70199	3813
71192	130
71772	19058
71772	6360
71772	7546
71772	12179
70334	7537
71243	7326
70579	7351
70579	1104
71567	11958
70799	4720
13842	71311
70959	5173
70856	19050
4320	71311
70668	16527
71763	18192
71763	187
71763	357
71763	454
71763	28
71763	128
71575	22065
71575	9398
71575	4545
71575	21715
70915	1063
70304	593
70304	175
70446	8743
70512	13418
70121	11199
70121	5393
70121	1415
71578	13597
71578	1290
71578	2189
70602	1889
70700	11016
70700	11015
70700	10110
71000	2271
70349	499
71450	6385
71450	1527
71450	285
71450	18943
70785	9250
71768	12736
71768	601
70833	455
70833	109
70833	1713
70463	12306
71368	2593
70570	19791
70570	256
71644	301
71644	6972
71533	3149
71419	551
424	71475
71272	3562
70673	3880
70193	2631
71145	3086
71145	3021
71350	123
70824	1967
70824	15312
70615	1012
71150	3472
71092	14756
71680	8330
71798	14616
71798	481
71798	748
71798	494
71798	1526
71798	3370
70920	5379
70311	20110
70311	20111
70311	14675
70311	15119
70108	1120
1748	71398
71398	1748
70564	1311
71164	6649
71164	15618
71164	2097
70087	2998
70087	282
70087	166
70479	15251
70021	5996
70021	10639
71405	5827
71405	12978
71405	13858
71405	12897
71405	19106
71405	14117
71405	9881
71405	18968
70504	387
70504	1167
70504	1520
70504	9837
71008	14937
70006	12300
71505	1116
71505	349
71505	4579
71505	17143
71505	1049
5564	71311
70629	3779
70629	3972
70291	18916
70994	9698
70994	3265
70994	10887
8714	71311
71711	66
71470	10412
71055	269
71018	6533
71018	441
71085	9817
71085	10307
70691	18121
70187	706
70144	1664
70144	19438
70581	13816
70581	3583
71296	1101
71296	146
70256	4602
70256	906
70256	389
70256	2664
70256	45
71491	4849
70805	2622
70266	1035
70268	4229
70946	1786
70689	910
71501	395
71185	1942
391	71316
71162	2392
70003	13540
70003	1274
71790	1656
71044	22277
70727	8206
71478	12910
71478	2212
70350	14605
71652	1828
71652	1682
71652	919
71652	14163
71652	1398
71580	4899
71235	8962
71399	19487
70798	964
70034	16450
71484	4378
11069	71311
71326	5570
71632	5127
70169	7256
70169	22047
70169	9451
70169	423
70767	2199
70385	2811
70202	1754
71093	5558
70661	344
70912	10909
70688	9214
71749	4719
70384	292
70211	56
71283	1926
71479	1941
70872	6921
70741	13819
70818	16577
70529	463
71637	3357
70628	1280
71674	6112
71078	6311
71078	3554
71078	13673
71414	6856
71414	5292
71737	2073
70370	3088
71205	10706
71345	5273
70173	13605
71226	3247
71124	1875
71124	10638
70496	53
70499	1862
70739	1572
70739	7699
70739	10859
70739	576
70739	4222
70739	64
71639	18526
71250	15697
70175	6504
18401	70754
70794	277
71707	14555
71707	14540
71707	17645
70267	18863
70267	11181
71653	3464
71416	1780
71416	2510
71416	7160
71794	9843
70400	14956
70330	18455
70927	2393
70440	5201
70340	5295
71438	474
71789	11114
70522	1301
71485	7884
70412	972
71440	16824
70518	144
70239	335
4094	70746
70746	4094
70949	21048
70949	3703
70949	21629
70067	2361
71143	4235
70969	12874
70035	1313
70505	7740
70047	9738
70248	13801
70260	19959
71417	21
71755	4031
70932	3437
70286	6085
71247	533
70014	18370
70358	1464
70358	1197
70194	9932
70107	1927
70752	6528
71651	8613
71651	1951
5022	71311
71373	10281
71496	932
71496	3497
22021	71314
71314	22021
71314	1679
70044	2674
71588	1118
70744	8479
70744	399
70744	8926
71724	1342
70448	539
71623	21316
71187	1999
518	70364
70364	518
70980	13902
71189	7212
71189	21232
71189	10516
71610	2391
71363	6319
71658	602
70637	5868
70889	15309
70401	5353
71787	2943
71352	1184
71629	15481
71753	6467
71757	5265
71572	6219
71572	10215
70558	17838
70127	3612
70731	7533
70846	7457
70421	6185
70247	577
71401	990
70612	236
70456	2833
71619	4315
70197	712
70164	8288
71596	11482
70644	574
71241	6979
70941	4267
71615	9564
70301	7526
71279	7073
70474	14630
70819	4700
5182	71311
70625	19054
71400	1315
70163	2535
70002	769
30075	5827
30075	14158
30075	2900
30075	93
30075	1082
30075	844
30075	9985
30075	168
30075	6655
30075	2812
30075	3972
30075	19791
30075	174
30075	22
30075	847
30075	496
30075	14117
30075	1348
30075	12971
30075	661
30075	73
30075	2094
30075	8302
30075	1383
30075	65
30075	621
30075	2187
30075	1028
30075	1019
30075	3779
30075	12914
30075	3853
30075	867
30075	7272
30075	19106
30075	5815
30075	157
30075	17082
30075	821
30075	9966
30075	21298
30075	230
30075	45
30075	6354
30075	2064
30075	793
30075	14630
30075	24
30075	2918
30075	4235
30075	2299
30075	104
30075	6779
30075	2868
30075	15619
30075	1826
30075	9760
30075	7073
30075	373
30075	220
30075	15267
30075	880
30075	18839
30075	18968
30075	12953
30075	1331
30075	1600
30075	4252
30075	21743
30075	326
30075	11001
30075	6385
30075	15026
30075	95
30075	775
30075	2875
30075	5794
30075	256
30075	18401
30075	3618
30075	3223
30075	5651
30075	548
30075	7594
30075	1136
30075	818
30075	16846
30075	15198
30075	21316
30075	1304
30075	12179
30075	1464
30075	1417
30075	14292
30075	14161
30075	14654
30075	1747
30075	2058
30075	10639
30075	6069
30075	361
30075	22021
30075	13123
30075	768
30075	6
30075	899
30075	454
30075	2860
30075	186
30075	21048
30075	341
30075	7160
30075	2664
30075	757
30075	2835
30075	889
30075	11120
30075	1893
30075	810
30075	9881
30075	19
30075	5775
30075	476
30075	1194
30075	4413
30075	9354
30075	12874
30075	3048
30075	1197
30075	3040
30075	15648
30075	2610
30075	2195
30075	1388
30075	19226
30075	209
30075	11581
30075	4665
30075	144
30075	5425
30075	224
30075	1059
30075	12978
30075	21332
30075	20
30058	4139
30058	213
30058	6223
30058	317
30058	11181
30058	2122
30058	82
30058	1871
30058	2540
30058	10379
30058	4208
30058	18863
30058	911
30058	539
30058	7866
30058	581
30058	10380
30058	8260
30058	2264
30058	11482
30058	2674
30058	707
30058	3813
30058	1886
30058	3945
30058	289
30058	9774
30058	2501
30058	2462
30058	2367
30058	7867
30069	6112
30069	3447
30069	73
30069	1
30069	1994
30069	1242
30069	4
30069	106
30069	2974
30078	7216
30078	51
30078	107
30078	295
30078	962
30078	7600
30078	87
30078	1104
30078	628
30078	26
30078	15
30078	650
30078	4099
30078	3541
30078	9
30078	743
30078	15094
30078	9404
30078	581
30078	1188
30078	15356
30078	9827
30078	6862
30078	199
30078	12464
30078	1058
30078	968
30078	1048
30078	5638
30078	19404
30078	12078
30078	1
30078	143
30078	12072
30078	385
30102	3862
30102	6467
30102	2766
30102	16577
30102	20140
30102	567
30102	8
30102	135
30102	17927
30102	2903
30102	46
30102	10140
30102	1319
30102	2566
30102	481
30102	6198
30102	7394
30102	20142
30102	1025
30102	6197
30102	199
30102	278
30102	16107
30102	177
30102	6749
30102	7735
30102	1782
30102	18262
30102	4515
30102	3581
30102	2694
30102	161
30102	384
30102	36
30102	178
30102	10270
30102	3526
30102	720
30102	20110
30102	5256
30102	9026
30102	6139
30102	6
30102	17728
30102	1369
30102	3437
30102	19060
30102	566
30102	895
30102	94
30102	2200
30102	20141
30102	790
30102	166
30102	5707
30102	694
30102	20137
30102	6451
30102	20136
30102	10139
30102	1795
30102	2713
30102	1673
30102	7396
30102	9574
30102	16403
30102	8185
30102	3071
30102	3744
30102	17838
30102	5724
30102	13604
30102	132
30102	14675
30102	10084
30102	7056
30102	9575
30102	6748
30102	2767
30102	20139
30102	9960
30102	235
30102	4023
30102	10138
30102	12736
30102	159
30102	6747
30102	404
30102	34
30102	4810
30102	1324
30102	10824
30102	541
30102	262
30102	8552
30102	3089
30046	3714
30046	8445
30046	1121
30046	11063
30046	8184
30046	1423
30046	14225
30046	2212
30046	12183
30046	65
30046	7615
30046	190
30046	2332
30046	15651
30046	2536
30046	3295
30063	1411
30063	84
30063	415
30063	164
30063	734
30063	1280
30063	282
30063	1674
30063	1668
30063	738
30063	19
30063	225
30063	297
30063	1767
30063	33
30063	48
30063	5977
30063	809
30026	14684
30026	1005
30026	2244
30026	1914
30026	3088
30026	1583
30026	13801
30026	7884
30026	1941
30026	963
30026	9738
30026	7861
30026	18012
30026	269
30026	981
30026	94
30026	280
30026	9214
30026	146
30026	36
30026	2286
30026	3197
30026	864
30026	18074
30026	15119
30026	4277
30026	2391
30026	910
30026	2496
30026	257
30026	15
30026	3006
30026	323
30026	93
30026	1236
30026	1132
30026	8
30026	357
30026	3357
30026	6324
30026	4046
30026	6533
30026	211
30026	3144
30026	133
30026	2156
30026	347
30026	13818
30026	1190
30051	5640
30051	132
30051	12153
30051	507
30051	318
30051	6643
30051	1150
30051	546
30051	404
30051	1043
30051	1217
30051	199
30051	135
30051	67
30051	541
30051	278
30051	83
30013	2362
30013	10234
30013	639
30013	12
30013	10307
30013	9162
30013	1210
30013	2403
30013	4714
30013	1618
30013	119
30013	1674
30013	1875
30013	4278
30013	10840
30013	1767
30013	6751
30013	8294
30013	11178
30013	4579
30013	2198
30013	504
30013	5996
30013	809
30013	17143
30013	4154
30013	11015
30013	2325
30013	40
30013	3247
30013	2442
30013	15309
30013	1411
30013	10110
30013	11950
30013	3440
30013	911
30013	2271
30013	4573
30013	842
30013	2906
30013	137
30013	20678
30013	7755
30013	5650
30013	4736
30013	9712
30013	2056
30066	849
30034	4507
30034	9986
30034	10215
30034	8330
30034	4439
30034	14445
30034	3173
30034	8526
30034	271
30034	1159
30034	14756
30034	5928
30034	17680
30034	6219
30034	3497
30034	20234
30052	165
30052	1307
30052	133
30052	2616
30052	99
30052	2177
30052	262
30048	647
30048	30
30048	2
30054	7
30054	67
30054	20
30050	135
30050	3
30050	4094
30050	250
30041	76
30041	477
30041	41
30041	116
30041	342
30041	60
30041	3
30041	40
30041	7
30041	143
30071	1704
30071	2163
30080	9179
30042	523
30042	53
30042	932
30042	17547
30042	12535
30042	3056
30042	6
30042	282
30042	895
30042	25
30004	513
30004	176
30004	2015
30004	19054
30004	195
30004	6
30004	151
30090	362
30090	709
30090	21874
30105	2535
30009	8743
30053	2496
30053	2123
30037	3895
